run_id,dataset,model,architecture,protocol_version,keep_ratio,block_size,seed,epoch,batch,forward_time_s,backward_time_s,memory_bytes,batch_accuracy
cd9874794b1129d3,fashion_mnist,ssb-v1-block,cnn,protocol-v3,0.8,16,2,1,0,0.0483223749906756,0.044254374981392175,483262464,0.09375
cd9874794b1129d3,fashion_mnist,ssb-v1-block,cnn,protocol-v3,0.8,16,2,1,1,0.003535625000949949,0.014432290976401418,498745344,0.40625
cd9874794b1129d3,fashion_mnist,ssb-v1-block,cnn,protocol-v3,0.8,16,2,1,2,0.003591042011976242,0.014046499971300364,500891648,0.2578125
cd9874794b1129d3,fashion_mnist,ssb-v1-block,cnn,protocol-v3,0.8,16,2,1,3,0.002394791052211076,0.009351833024993539,502841344,0.2890625
cd9874794b1129d3,fashion_mnist,ssb-v1-block,cnn,protocol-v3,0.8,16,2,1,4,0.002353916992433369,0.009689250029623508,504659968,0.5625
cd9874794b1129d3,fashion_mnist,ssb-v1-block,cnn,protocol-v3,0.8,16,2,1,5,0.0018367079901508987,0.004789584025274962,505167872,0.5
cd9874794b1129d3,fashion_mnist,ssb-v1-block,cnn,protocol-v3,0.8,16,2,1,6,0.002360125014092773,0.010170958004891872,506511360,0.6328125
cd9874794b1129d3,fashion_mnist,ssb-v1-block,cnn,protocol-v3,0.8,16,2,1,7,0.0018368749879300594,0.004639042017515749,506871808,0.7265625
cd9874794b1129d3,fashion_mnist,ssb-v1-block,cnn,protocol-v3,0.8,16,2,1,8,0.001815499970689416,0.004470792016945779,506888192,0.5703125
cd9874794b1129d3,fashion_mnist,ssb-v1-block,cnn,protocol-v3,0.8,16,2,1,9,0.002216750057414174,0.004405790998134762,507248640,0.703125
cd9874794b1129d3,fashion_mnist,ssb-v1-block,cnn,protocol-v3,0.8,16,2,1,10,0.0017416250193491578,0.005207708978559822,507265024,0.7109375
cd9874794b1129d3,fashion_mnist,ssb-v1-block,cnn,protocol-v3,0.8,16,2,1,11,0.001823666039854288,0.010333791025914252,508837888,0.75
cd9874794b1129d3,fashion_mnist,ssb-v1-block,cnn,protocol-v3,0.8,16,2,1,12,0.0018735830090008676,0.009285709005780518,510509056,0.625
cd9874794b1129d3,fashion_mnist,ssb-v1-block,cnn,protocol-v3,0.8,16,2,1,13,0.0018244169768877327,0.004527874989435077,510869504,0.625
cd9874794b1129d3,fashion_mnist,ssb-v1-block,cnn,protocol-v3,0.8,16,2,1,14,0.0018432080396451056,0.004527291981503367,510869504,0.7265625
cd9874794b1129d3,fashion_mnist,ssb-v1-block,cnn,protocol-v3,0.8,16,2,1,15,0.0018751670140773058,0.010613000020384789,512049152,0.6484375
cd9874794b1129d3,fashion_mnist,ssb-v1-block,cnn,protocol-v3,0.8,16,2,1,16,0.0018809160101227462,0.004451167013030499,512049152,0.703125
cd9874794b1129d3,fashion_mnist,ssb-v1-block,cnn,protocol-v3,0.8,16,2,1,17,0.0017622089944779873,0.004456957976799458,512376832,0.65625
cd9874794b1129d3,fashion_mnist,ssb-v1-block,cnn,protocol-v3,0.8,16,2,1,18,0.0018150000250898302,0.004642166953999549,512376832,0.78125
cd9874794b1129d3,fashion_mnist,ssb-v1-block,cnn,protocol-v3,0.8,16,2,1,19,0.0017890000017359853,0.004456374968867749,512753664,0.7421875
cd9874794b1129d3,fashion_mnist,ssb-v1-block,cnn,protocol-v3,0.8,16,2,1,20,0.0018437919788993895,0.004436582967173308,512753664,0.71875
cd9874794b1129d3,fashion_mnist,ssb-v1-block,cnn,protocol-v3,0.8,16,2,1,21,0.0018599999602884054,0.004278584034182131,512753664,0.7109375
cd9874794b1129d3,fashion_mnist,ssb-v1-block,cnn,protocol-v3,0.8,16,2,1,22,0.0017412500455975533,0.004467166028916836,512753664,0.6953125
cd9874794b1129d3,fashion_mnist,ssb-v1-block,cnn,protocol-v3,0.8,16,2,1,23,0.0018125839997082949,0.004349416005425155,512770048,0.703125
cd9874794b1129d3,fashion_mnist,ssb-v1-block,cnn,protocol-v3,0.8,16,2,1,24,0.0018092920072376728,0.004481333016883582,512770048,0.6796875
cd9874794b1129d3,fashion_mnist,ssb-v1-block,cnn,protocol-v3,0.8,16,2,1,25,0.0018577909795567393,0.004485040961299092,512786432,0.7109375
cd9874794b1129d3,fashion_mnist,ssb-v1-block,cnn,protocol-v3,0.8,16,2,1,26,0.001847707957495004,0.004543791001196951,512786432,0.7734375
cd9874794b1129d3,fashion_mnist,ssb-v1-block,cnn,protocol-v3,0.8,16,2,1,27,0.00175108399707824,0.004504875047132373,512786432,0.6328125
cd9874794b1129d3,fashion_mnist,ssb-v1-block,cnn,protocol-v3,0.8,16,2,1,28,0.001858291041571647,0.00443675002316013,512786432,0.671875
cd9874794b1129d3,fashion_mnist,ssb-v1-block,cnn,protocol-v3,0.8,16,2,1,29,0.001836207986343652,0.004578916996251792,512786432,0.7890625
cd9874794b1129d3,fashion_mnist,ssb-v1-block,cnn,protocol-v3,0.8,16,2,1,30,0.001747958012856543,0.004359207989182323,512786432,0.7890625
cd9874794b1129d3,fashion_mnist,ssb-v1-block,cnn,protocol-v3,0.8,16,2,1,31,0.0018235829775221646,0.004392292001284659,512786432,0.71875
cd9874794b1129d3,fashion_mnist,ssb-v1-block,cnn,protocol-v3,0.8,16,2,1,32,0.001798833953216672,0.004453499976079911,512802816,0.734375
cd9874794b1129d3,fashion_mnist,ssb-v1-block,cnn,protocol-v3,0.8,16,2,1,33,0.0017970839980989695,0.004592374956700951,512802816,0.796875
cd9874794b1129d3,fashion_mnist,ssb-v1-block,cnn,protocol-v3,0.8,16,2,1,34,0.0018008339684456587,0.004448499996215105,512802816,0.7265625
cd9874794b1129d3,fashion_mnist,ssb-v1-block,cnn,protocol-v3,0.8,16,2,1,35,0.0018617910100147128,0.0044275420368649065,512802816,0.7421875
cd9874794b1129d3,fashion_mnist,ssb-v1-block,cnn,protocol-v3,0.8,16,2,1,36,0.0017495419597253203,0.004579667001962662,512802816,0.71875
cd9874794b1129d3,fashion_mnist,ssb-v1-block,cnn,protocol-v3,0.8,16,2,1,37,0.001814749964978546,0.011391540989279747,513654784,0.7734375
cd9874794b1129d3,fashion_mnist,ssb-v1-block,cnn,protocol-v3,0.8,16,2,1,38,0.001906750025227666,0.004565624985843897,513785856,0.78125
cd9874794b1129d3,fashion_mnist,ssb-v1-block,cnn,protocol-v3,0.8,16,2,1,39,0.0018002910073846579,0.004470167041290551,514162688,0.78125
cd9874794b1129d3,fashion_mnist,ssb-v1-block,cnn,protocol-v3,0.8,16,2,1,40,0.0018131670076400042,0.0044180830009281635,514162688,0.796875
cd9874794b1129d3,fashion_mnist,ssb-v1-block,cnn,protocol-v3,0.8,16,2,1,41,0.001870624953880906,0.004583665984682739,514293760,0.7421875
cd9874794b1129d3,fashion_mnist,ssb-v1-block,cnn,protocol-v3,0.8,16,2,1,42,0.0018175410223193467,0.004511041974183172,514293760,0.828125
cd9874794b1129d3,fashion_mnist,ssb-v1-block,cnn,protocol-v3,0.8,16,2,1,43,0.0017455409979447722,0.0044871249701827765,514293760,0.78125
cd9874794b1129d3,fashion_mnist,ssb-v1-block,cnn,protocol-v3,0.8,16,2,1,44,0.0017932910122908652,0.004584249982144684,514293760,0.7890625
cd9874794b1129d3,fashion_mnist,ssb-v1-block,cnn,protocol-v3,0.8,16,2,1,45,0.0018058340065181255,0.004473124979995191,514293760,0.7265625
cd9874794b1129d3,fashion_mnist,ssb-v1-block,cnn,protocol-v3,0.8,16,2,1,46,0.001808375003747642,0.004393165989313275,514326528,0.7265625
cd9874794b1129d3,fashion_mnist,ssb-v1-block,cnn,protocol-v3,0.8,16,2,1,47,0.0017340420163236558,0.004506958008278161,514326528,0.8125
cd9874794b1129d3,fashion_mnist,ssb-v1-block,cnn,protocol-v3,0.8,16,2,1,48,0.001856833987403661,0.004387542023323476,514342912,0.7890625
cd9874794b1129d3,fashion_mnist,ssb-v1-block,cnn,protocol-v3,0.8,16,2,1,49,0.0018530840170569718,0.004354125005193055,514342912,0.734375
cd9874794b1129d3,fashion_mnist,ssb-v1-block,cnn,protocol-v3,0.8,16,2,1,50,0.001725749985780567,0.004407500033266842,514342912,0.7734375
cd9874794b1129d3,fashion_mnist,ssb-v1-block,cnn,protocol-v3,0.8,16,2,1,51,0.001731916971039027,0.004423708014655858,514359296,0.734375
cd9874794b1129d3,fashion_mnist,ssb-v1-block,cnn,protocol-v3,0.8,16,2,1,52,0.0018240830395370722,0.004407167027238756,514359296,0.7265625
cd9874794b1129d3,fashion_mnist,ssb-v1-block,cnn,protocol-v3,0.8,16,2,1,53,0.0018725830013863742,0.0044292499660514295,514375680,0.7109375
cd9874794b1129d3,fashion_mnist,ssb-v1-block,cnn,protocol-v3,0.8,16,2,1,54,0.0018492499948479235,0.004319292027503252,514375680,0.7265625
cd9874794b1129d3,fashion_mnist,ssb-v1-block,cnn,protocol-v3,0.8,16,2,1,55,0.001786957960575819,0.010521291987970471,515358720,0.7578125
cd9874794b1129d3,fashion_mnist,ssb-v1-block,cnn,protocol-v3,0.8,16,2,1,56,0.0018158330349251628,0.004514375003054738,515375104,0.8203125
cd9874794b1129d3,fashion_mnist,ssb-v1-block,cnn,protocol-v3,0.8,16,2,1,57,0.0018219579942524433,0.00450420897686854,515375104,0.7734375
cd9874794b1129d3,fashion_mnist,ssb-v1-block,cnn,protocol-v3,0.8,16,2,1,58,0.0018173330463469028,0.004574708989821374,515620864,0.78125
cd9874794b1129d3,fashion_mnist,ssb-v1-block,cnn,protocol-v3,0.8,16,2,1,59,0.0018205419764854014,0.004360791004728526,515964928,0.7890625
cd9874794b1129d3,fashion_mnist,ssb-v1-block,cnn,protocol-v3,0.8,16,2,1,60,0.0018668339471332729,0.004479374969378114,515964928,0.6640625
cd9874794b1129d3,fashion_mnist,ssb-v1-block,cnn,protocol-v3,0.8,16,2,1,61,0.0018280420335941017,0.004424040962476283,515997696,0.7890625
cd9874794b1129d3,fashion_mnist,ssb-v1-block,cnn,protocol-v3,0.8,16,2,1,62,0.0018006670288741589,0.004350667004473507,515997696,0.8203125
cd9874794b1129d3,fashion_mnist,ssb-v1-block,cnn,protocol-v3,0.8,16,2,1,63,0.0018244580132886767,0.004790083039551973,515997696,0.8515625
cd9874794b1129d3,fashion_mnist,ssb-v1-block,cnn,protocol-v3,0.8,16,2,1,64,0.0018072500242851675,0.00433037499897182,515997696,0.7265625
cd9874794b1129d3,fashion_mnist,ssb-v1-block,cnn,protocol-v3,0.8,16,2,1,65,0.0018505830084905028,0.004397334007080644,515997696,0.7421875
cd9874794b1129d3,fashion_mnist,ssb-v1-block,cnn,protocol-v3,0.8,16,2,1,66,0.001748209004290402,0.004567500029224902,515997696,0.7890625
cd9874794b1129d3,fashion_mnist,ssb-v1-block,cnn,protocol-v3,0.8,16,2,1,67,0.0017310419934801757,0.004462749988306314,515997696,0.7421875
cd9874794b1129d3,fashion_mnist,ssb-v1-block,cnn,protocol-v3,0.8,16,2,1,68,0.0018200419726781547,0.004529249970801175,515997696,0.84375
cd9874794b1129d3,fashion_mnist,ssb-v1-block,cnn,protocol-v3,0.8,16,2,1,69,0.0018105419585481286,0.004524832998868078,515997696,0.765625
cd9874794b1129d3,fashion_mnist,ssb-v1-block,cnn,protocol-v3,0.8,16,2,1,70,0.0018178750178776681,0.004506875004153699,515997696,0.796875
cd9874794b1129d3,fashion_mnist,ssb-v1-block,cnn,protocol-v3,0.8,16,2,1,71,0.0018557919538579881,0.0043163339723832905,515997696,0.8046875
cd9874794b1129d3,fashion_mnist,ssb-v1-block,cnn,protocol-v3,0.8,16,2,1,72,0.0018166250083595514,0.004496374982409179,515997696,0.796875
cd9874794b1129d3,fashion_mnist,ssb-v1-block,cnn,protocol-v3,0.8,16,2,1,73,0.0018317910144105554,0.004455499991308898,515997696,0.7890625
cd9874794b1129d3,fashion_mnist,ssb-v1-block,cnn,protocol-v3,0.8,16,2,1,74,0.0018071249942295253,0.00445937504991889,515997696,0.765625
cd9874794b1129d3,fashion_mnist,ssb-v1-block,cnn,protocol-v3,0.8,16,2,1,75,0.0018460829742252827,0.004636792000383139,515997696,0.828125
cd9874794b1129d3,fashion_mnist,ssb-v1-block,cnn,protocol-v3,0.8,16,2,1,76,0.0018022920121438801,0.004402250051498413,515997696,0.7890625
cd9874794b1129d3,fashion_mnist,ssb-v1-block,cnn,protocol-v3,0.8,16,2,1,77,0.001798583019990474,0.004222083021886647,515997696,0.7421875
cd9874794b1129d3,fashion_mnist,ssb-v1-block,cnn,protocol-v3,0.8,16,2,1,78,0.0018069589859806001,0.004492083971854299,515997696,0.8046875
cd9874794b1129d3,fashion_mnist,ssb-v1-block,cnn,protocol-v3,0.8,16,2,1,79,0.0018598340102471411,0.004287749994546175,515997696,0.828125
cd9874794b1129d3,fashion_mnist,ssb-v1-block,cnn,protocol-v3,0.8,16,2,1,80,0.0018074580002576113,0.004407625005114824,515997696,0.8046875
cd9874794b1129d3,fashion_mnist,ssb-v1-block,cnn,protocol-v3,0.8,16,2,1,81,0.001852207991760224,0.004466582962777466,515997696,0.7890625
cd9874794b1129d3,fashion_mnist,ssb-v1-block,cnn,protocol-v3,0.8,16,2,1,82,0.0017939999816007912,0.004346499976236373,515997696,0.8046875
cd9874794b1129d3,fashion_mnist,ssb-v1-block,cnn,protocol-v3,0.8,16,2,1,83,0.001799000019673258,0.004443541052751243,515997696,0.8203125
cd9874794b1129d3,fashion_mnist,ssb-v1-block,cnn,protocol-v3,0.8,16,2,1,84,0.0018249579588882625,0.004309666983317584,515997696,0.828125
cd9874794b1129d3,fashion_mnist,ssb-v1-block,cnn,protocol-v3,0.8,16,2,1,85,0.0018744170083664358,0.004383666033390909,516014080,0.84375
cd9874794b1129d3,fashion_mnist,ssb-v1-block,cnn,protocol-v3,0.8,16,2,1,86,0.0018562920158728957,0.004261416965164244,516014080,0.84375
cd9874794b1129d3,fashion_mnist,ssb-v1-block,cnn,protocol-v3,0.8,16,2,1,87,0.0018131670076400042,0.004315084021072835,516014080,0.859375
cd9874794b1129d3,fashion_mnist,ssb-v1-block,cnn,protocol-v3,0.8,16,2,1,88,0.0018302079988643527,0.0043695830390788615,516014080,0.8203125
cd9874794b1129d3,fashion_mnist,ssb-v1-block,cnn,protocol-v3,0.8,16,2,1,89,0.001710958022158593,0.004389584006275982,516014080,0.78125
cd9874794b1129d3,fashion_mnist,ssb-v1-block,cnn,protocol-v3,0.8,16,2,1,90,0.0017987089813686907,0.004245416959747672,516014080,0.890625
cd9874794b1129d3,fashion_mnist,ssb-v1-block,cnn,protocol-v3,0.8,16,2,1,91,0.00181275000795722,0.004487250000238419,516014080,0.8359375
cd9874794b1129d3,fashion_mnist,ssb-v1-block,cnn,protocol-v3,0.8,16,2,1,92,0.0017285420326516032,0.004441500001121312,516014080,0.828125
cd9874794b1129d3,fashion_mnist,ssb-v1-block,cnn,protocol-v3,0.8,16,2,1,93,0.0017925419961102307,0.00445187499281019,516014080,0.8203125
cd9874794b1129d3,fashion_mnist,ssb-v1-block,cnn,protocol-v3,0.8,16,2,1,94,0.0018598749884404242,0.004421000019647181,516014080,0.8359375
cd9874794b1129d3,fashion_mnist,ssb-v1-block,cnn,protocol-v3,0.8,16,2,1,95,0.0017382500227540731,0.00430791696999222,516014080,0.859375
cd9874794b1129d3,fashion_mnist,ssb-v1-block,cnn,protocol-v3,0.8,16,2,1,96,0.001846000028308481,0.004375958000309765,516014080,0.8203125
cd9874794b1129d3,fashion_mnist,ssb-v1-block,cnn,protocol-v3,0.8,16,2,1,97,0.001855042006354779,0.004467582970391959,516030464,0.734375
cd9874794b1129d3,fashion_mnist,ssb-v1-block,cnn,protocol-v3,0.8,16,2,1,98,0.0018233330338262022,0.004402374965138733,516030464,0.78125
cd9874794b1129d3,fashion_mnist,ssb-v1-block,cnn,protocol-v3,0.8,16,2,1,99,0.0018027499900199473,0.004503417003434151,516030464,0.828125
cd9874794b1129d3,fashion_mnist,ssb-v1-block,cnn,protocol-v3,0.8,16,2,1,100,0.0018077500280924141,0.004468915984034538,516030464,0.8203125
cd9874794b1129d3,fashion_mnist,ssb-v1-block,cnn,protocol-v3,0.8,16,2,1,101,0.0018219169578514993,0.004370875016320497,516030464,0.8671875
cd9874794b1129d3,fashion_mnist,ssb-v1-block,cnn,protocol-v3,0.8,16,2,1,102,0.0018193330033682287,0.004516332992352545,516030464,0.796875
cd9874794b1129d3,fashion_mnist,ssb-v1-block,cnn,protocol-v3,0.8,16,2,1,103,0.0020490000024437904,0.004942375002428889,516046848,0.8359375
cd9874794b1129d3,fashion_mnist,ssb-v1-block,cnn,protocol-v3,0.8,16,2,1,104,0.0018286670092493296,0.0051220840541645885,516046848,0.765625
cd9874794b1129d3,fashion_mnist,ssb-v1-block,cnn,protocol-v3,0.8,16,2,1,105,0.0020838750060647726,0.005278458003886044,516046848,0.890625
cd9874794b1129d3,fashion_mnist,ssb-v1-block,cnn,protocol-v3,0.8,16,2,1,106,0.0019501670030876994,0.004699874960351735,516046848,0.875
cd9874794b1129d3,fashion_mnist,ssb-v1-block,cnn,protocol-v3,0.8,16,2,1,107,0.0018486249609850347,0.004458000010345131,516046848,0.8359375
cd9874794b1129d3,fashion_mnist,ssb-v1-block,cnn,protocol-v3,0.8,16,2,1,108,0.001742499996908009,0.011304958024993539,516980736,0.84375
cd9874794b1129d3,fashion_mnist,ssb-v1-block,cnn,protocol-v3,0.8,16,2,1,109,0.0018360410467721522,0.004541207978036255,517029888,0.8515625
cd9874794b1129d3,fashion_mnist,ssb-v1-block,cnn,protocol-v3,0.8,16,2,1,110,0.0018177080200985074,0.0045017500524409115,517373952,0.8515625
cd9874794b1129d3,fashion_mnist,ssb-v1-block,cnn,protocol-v3,0.8,16,2,1,111,0.0018045420292764902,0.004390291986055672,517373952,0.84375
cd9874794b1129d3,fashion_mnist,ssb-v1-block,cnn,protocol-v3,0.8,16,2,1,112,0.0017517920350655913,0.004527707991655916,517373952,0.8359375
cd9874794b1129d3,fashion_mnist,ssb-v1-block,cnn,protocol-v3,0.8,16,2,1,113,0.0018500410369597375,0.004353374999482185,517373952,0.7890625
cd9874794b1129d3,fashion_mnist,ssb-v1-block,cnn,protocol-v3,0.8,16,2,1,114,0.0018158750026486814,0.004477375012356788,517586944,0.8046875
cd9874794b1129d3,fashion_mnist,ssb-v1-block,cnn,protocol-v3,0.8,16,2,1,115,0.001800375001039356,0.004501625022385269,517586944,0.78125
cd9874794b1129d3,fashion_mnist,ssb-v1-block,cnn,protocol-v3,0.8,16,2,1,116,0.0017283339984714985,0.004490624996833503,517586944,0.8359375
cd9874794b1129d3,fashion_mnist,ssb-v1-block,cnn,protocol-v3,0.8,16,2,1,117,0.0018039579736068845,0.004398708988446742,517586944,0.78125
cd9874794b1129d3,fashion_mnist,ssb-v1-block,cnn,protocol-v3,0.8,16,2,1,118,0.0017807499971240759,0.0043677089852280915,517586944,0.828125
cd9874794b1129d3,fashion_mnist,ssb-v1-block,cnn,protocol-v3,0.8,16,2,1,119,0.0017229579971171916,0.004475915979128331,517586944,0.734375
cd9874794b1129d3,fashion_mnist,ssb-v1-block,cnn,protocol-v3,0.8,16,2,1,120,0.001729041978251189,0.004399250028654933,517586944,0.7890625
cd9874794b1129d3,fashion_mnist,ssb-v1-block,cnn,protocol-v3,0.8,16,2,1,121,0.0019118330092169344,0.004442832956556231,517586944,0.8203125
cd9874794b1129d3,fashion_mnist,ssb-v1-block,cnn,protocol-v3,0.8,16,2,1,122,0.001794208015780896,0.0045381669769994915,517586944,0.8125
cd9874794b1129d3,fashion_mnist,ssb-v1-block,cnn,protocol-v3,0.8,16,2,1,123,0.0018630839767865837,0.00449112500064075,517603328,0.84375
cd9874794b1129d3,fashion_mnist,ssb-v1-block,cnn,protocol-v3,0.8,16,2,1,124,0.0018092500395141542,0.004387124965433031,517603328,0.7890625
cd9874794b1129d3,fashion_mnist,ssb-v1-block,cnn,protocol-v3,0.8,16,2,1,125,0.0018257079645991325,0.0043000419973395765,517603328,0.8125
cd9874794b1129d3,fashion_mnist,ssb-v1-block,cnn,protocol-v3,0.8,16,2,1,126,0.0018073329702019691,0.004284333030227572,517603328,0.84375
cd9874794b1129d3,fashion_mnist,ssb-v1-block,cnn,protocol-v3,0.8,16,2,1,127,0.0017462079995311797,0.004379624966531992,517603328,0.8515625
cd9874794b1129d3,fashion_mnist,ssb-v1-block,cnn,protocol-v3,0.8,16,2,1,128,0.0017797090113162994,0.004279749991837889,517603328,0.8515625
cd9874794b1129d3,fashion_mnist,ssb-v1-block,cnn,protocol-v3,0.8,16,2,1,129,0.0017890410381369293,0.0044144580024294555,517603328,0.8515625
cd9874794b1129d3,fashion_mnist,ssb-v1-block,cnn,protocol-v3,0.8,16,2,1,130,0.0019282500143162906,0.004528374993242323,517619712,0.8828125
cd9874794b1129d3,fashion_mnist,ssb-v1-block,cnn,protocol-v3,0.8,16,2,1,131,0.0017486659926362336,0.004466041980776936,517636096,0.8125
cd9874794b1129d3,fashion_mnist,ssb-v1-block,cnn,protocol-v3,0.8,16,2,1,132,0.0017980830161832273,0.0044557079672813416,517636096,0.8125
cd9874794b1129d3,fashion_mnist,ssb-v1-block,cnn,protocol-v3,0.8,16,2,1,133,0.0017524589784443378,0.0043949169921688735,517636096,0.8828125
cd9874794b1129d3,fashion_mnist,ssb-v1-block,cnn,protocol-v3,0.8,16,2,1,134,0.0017442500102333724,0.004389916022773832,517636096,0.828125
cd9874794b1129d3,fashion_mnist,ssb-v1-block,cnn,protocol-v3,0.8,16,2,1,135,0.0017937090015038848,0.00438383303117007,517636096,0.8515625
cd9874794b1129d3,fashion_mnist,ssb-v1-block,cnn,protocol-v3,0.8,16,2,1,136,0.001803249993827194,0.004435750015545636,517652480,0.8828125
cd9874794b1129d3,fashion_mnist,ssb-v1-block,cnn,protocol-v3,0.8,16,2,1,137,0.0018052499508485198,0.004615583980921656,517652480,0.8203125
cd9874794b1129d3,fashion_mnist,ssb-v1-block,cnn,protocol-v3,0.8,16,2,1,138,0.0018600409966893494,0.01082904200302437,518832128,0.859375
cd9874794b1129d3,fashion_mnist,ssb-v1-block,cnn,protocol-v3,0.8,16,2,1,139,0.0018636249587871134,0.004286582989152521,518848512,0.828125
cd9874794b1129d3,fashion_mnist,ssb-v1-block,cnn,protocol-v3,0.8,16,2,1,140,0.0018581250333227217,0.004479375027585775,519028736,0.78125
cd9874794b1129d3,fashion_mnist,ssb-v1-block,cnn,protocol-v3,0.8,16,2,1,141,0.0017601249855943024,0.004519833019003272,519028736,0.8671875
cd9874794b1129d3,fashion_mnist,ssb-v1-block,cnn,protocol-v3,0.8,16,2,1,142,0.0017933750059455633,0.004490541992709041,519372800,0.875
cd9874794b1129d3,fashion_mnist,ssb-v1-block,cnn,protocol-v3,0.8,16,2,1,143,0.0018451670184731483,0.004532583989202976,519372800,0.8671875
cd9874794b1129d3,fashion_mnist,ssb-v1-block,cnn,protocol-v3,0.8,16,2,1,144,0.0018461250001564622,0.004330083029344678,519372800,0.8984375
cd9874794b1129d3,fashion_mnist,ssb-v1-block,cnn,protocol-v3,0.8,16,2,1,145,0.0018066670163534582,0.004513374995440245,519372800,0.8203125
cd9874794b1129d3,fashion_mnist,ssb-v1-block,cnn,protocol-v3,0.8,16,2,1,146,0.0018011670326814055,0.0044778340379707515,519372800,0.828125
cd9874794b1129d3,fashion_mnist,ssb-v1-block,cnn,protocol-v3,0.8,16,2,1,147,0.0018133750418201089,0.004535417014267296,519372800,0.8671875
cd9874794b1129d3,fashion_mnist,ssb-v1-block,cnn,protocol-v3,0.8,16,2,1,148,0.0018125830101780593,0.004563750000670552,519372800,0.8125
cd9874794b1129d3,fashion_mnist,ssb-v1-block,cnn,protocol-v3,0.8,16,2,1,149,0.0018491250229999423,0.004306207993067801,519372800,0.828125
cd9874794b1129d3,fashion_mnist,ssb-v1-block,cnn,protocol-v3,0.8,16,2,1,150,0.0017347499961033463,0.004466000013053417,519372800,0.8671875
cd9874794b1129d3,fashion_mnist,ssb-v1-block,cnn,protocol-v3,0.8,16,2,1,151,0.0017349579720757902,0.004401249985676259,519372800,0.8046875
cd9874794b1129d3,fashion_mnist,ssb-v1-block,cnn,protocol-v3,0.8,16,2,1,152,0.0018067909986712039,0.004509833001065999,519372800,0.7890625
cd9874794b1129d3,fashion_mnist,ssb-v1-block,cnn,protocol-v3,0.8,16,2,1,153,0.0018125000060535967,0.004394707968458533,519372800,0.796875
cd9874794b1129d3,fashion_mnist,ssb-v1-block,cnn,protocol-v3,0.8,16,2,1,154,0.001867750019300729,0.004401832993607968,519389184,0.8828125
cd9874794b1129d3,fashion_mnist,ssb-v1-block,cnn,protocol-v3,0.8,16,2,1,155,0.0018652919679880142,0.004480833013076335,519389184,0.78125
cd9874794b1129d3,fashion_mnist,ssb-v1-block,cnn,protocol-v3,0.8,16,2,1,156,0.0018697499763220549,0.004289292031899095,519389184,0.8984375
cd9874794b1129d3,fashion_mnist,ssb-v1-block,cnn,protocol-v3,0.8,16,2,1,157,0.0017386249965056777,0.004440749995410442,519389184,0.890625
cd9874794b1129d3,fashion_mnist,ssb-v1-block,cnn,protocol-v3,0.8,16,2,1,158,0.0017247089999727905,0.004148666048422456,519389184,0.8125
cd9874794b1129d3,fashion_mnist,ssb-v1-block,cnn,protocol-v3,0.8,16,2,1,159,0.0018082080059684813,0.004535542044322938,519389184,0.8359375
cd9874794b1129d3,fashion_mnist,ssb-v1-block,cnn,protocol-v3,0.8,16,2,1,160,0.0019128330168314278,0.004326540976762772,519389184,0.875
cd9874794b1129d3,fashion_mnist,ssb-v1-block,cnn,protocol-v3,0.8,16,2,1,161,0.0017846249975264072,0.004438875010237098,519389184,0.796875
cd9874794b1129d3,fashion_mnist,ssb-v1-block,cnn,protocol-v3,0.8,16,2,1,162,0.001805792038794607,0.004515375010669231,519389184,0.8359375
cd9874794b1129d3,fashion_mnist,ssb-v1-block,cnn,protocol-v3,0.8,16,2,1,163,0.0019352909876033664,0.004493499989621341,519389184,0.796875
cd9874794b1129d3,fashion_mnist,ssb-v1-block,cnn,protocol-v3,0.8,16,2,1,164,0.0018060419824905694,0.004324499983340502,519389184,0.84375
cd9874794b1129d3,fashion_mnist,ssb-v1-block,cnn,protocol-v3,0.8,16,2,1,165,0.0017317080055363476,0.004255707957781851,519389184,0.8125
cd9874794b1129d3,fashion_mnist,ssb-v1-block,cnn,protocol-v3,0.8,16,2,1,166,0.0017933330382220447,0.004385999985970557,519389184,0.8515625
cd9874794b1129d3,fashion_mnist,ssb-v1-block,cnn,protocol-v3,0.8,16,2,1,167,0.0017958329990506172,0.004422625002916902,519389184,0.859375
cd9874794b1129d3,fashion_mnist,ssb-v1-block,cnn,protocol-v3,0.8,16,2,1,168,0.0017890420276671648,0.0042739579803310335,519389184,0.8515625
cd9874794b1129d3,fashion_mnist,ssb-v1-block,cnn,protocol-v3,0.8,16,2,1,169,0.0017960830009542406,0.0044871660065837204,519389184,0.7890625
cd9874794b1129d3,fashion_mnist,ssb-v1-block,cnn,protocol-v3,0.8,16,2,1,170,0.0017798750195652246,0.004509916994720697,519389184,0.828125
cd9874794b1129d3,fashion_mnist,ssb-v1-block,cnn,protocol-v3,0.8,16,2,1,171,0.001834042021073401,0.004482208983972669,519405568,0.7890625
cd9874794b1129d3,fashion_mnist,ssb-v1-block,cnn,protocol-v3,0.8,16,2,1,172,0.0018057079869322479,0.0044426670065149665,519405568,0.8046875
cd9874794b1129d3,fashion_mnist,ssb-v1-block,cnn,protocol-v3,0.8,16,2,1,173,0.0017210410442203283,0.0043687919969670475,519405568,0.8515625
cd9874794b1129d3,fashion_mnist,ssb-v1-block,cnn,protocol-v3,0.8,16,2,1,174,0.0018111669924110174,0.004461791017092764,519405568,0.8359375
cd9874794b1129d3,fashion_mnist,ssb-v1-block,cnn,protocol-v3,0.8,16,2,1,175,0.0017951669869944453,0.00457858300069347,519405568,0.796875
cd9874794b1129d3,fashion_mnist,ssb-v1-block,cnn,protocol-v3,0.8,16,2,1,176,0.001868374994955957,0.004434750007931143,519405568,0.859375
cd9874794b1129d3,fashion_mnist,ssb-v1-block,cnn,protocol-v3,0.8,16,2,1,177,0.0017230419907718897,0.004299667023587972,519405568,0.7890625
cd9874794b1129d3,fashion_mnist,ssb-v1-block,cnn,protocol-v3,0.8,16,2,1,178,0.001732999982777983,0.004384916042909026,519405568,0.8046875
cd9874794b1129d3,fashion_mnist,ssb-v1-block,cnn,protocol-v3,0.8,16,2,1,179,0.00183291599387303,0.004306499962694943,519405568,0.8125
cd9874794b1129d3,fashion_mnist,ssb-v1-block,cnn,protocol-v3,0.8,16,2,1,180,0.0018015840323641896,0.004336167010478675,519405568,0.8359375
cd9874794b1129d3,fashion_mnist,ssb-v1-block,cnn,protocol-v3,0.8,16,2,1,181,0.0018084999755956233,0.004325375019107014,519405568,0.84375
cd9874794b1129d3,fashion_mnist,ssb-v1-block,cnn,protocol-v3,0.8,16,2,1,182,0.001789207977708429,0.004557124979328364,519405568,0.8359375
cd9874794b1129d3,fashion_mnist,ssb-v1-block,cnn,protocol-v3,0.8,16,2,1,183,0.0018451660289429128,0.0042950420174747705,519421952,0.875
cd9874794b1129d3,fashion_mnist,ssb-v1-block,cnn,protocol-v3,0.8,16,2,1,184,0.0018364160205237567,0.004343207983765751,519421952,0.828125
cd9874794b1129d3,fashion_mnist,ssb-v1-block,cnn,protocol-v3,0.8,16,2,1,185,0.0018740409868769348,0.0044520830269902945,519421952,0.8203125
cd9874794b1129d3,fashion_mnist,ssb-v1-block,cnn,protocol-v3,0.8,16,2,1,186,0.0017477080109529197,0.004423209000378847,519421952,0.7890625
cd9874794b1129d3,fashion_mnist,ssb-v1-block,cnn,protocol-v3,0.8,16,2,1,187,0.0017859999788925052,0.004540208028629422,519421952,0.90625
cd9874794b1129d3,fashion_mnist,ssb-v1-block,cnn,protocol-v3,0.8,16,2,1,188,0.0017980829579755664,0.004607792012393475,519421952,0.875
cd9874794b1129d3,fashion_mnist,ssb-v1-block,cnn,protocol-v3,0.8,16,2,1,189,0.0017983330180868506,0.0042815839988179505,519421952,0.84375
cd9874794b1129d3,fashion_mnist,ssb-v1-block,cnn,protocol-v3,0.8,16,2,1,190,0.0018019169801846147,0.0044549580197781324,519421952,0.8671875
cd9874794b1129d3,fashion_mnist,ssb-v1-block,cnn,protocol-v3,0.8,16,2,1,191,0.0018422919674776495,0.004392084025312215,519421952,0.8984375
cd9874794b1129d3,fashion_mnist,ssb-v1-block,cnn,protocol-v3,0.8,16,2,1,192,0.0017706250073388219,0.004209500038996339,519421952,0.7578125
cd9874794b1129d3,fashion_mnist,ssb-v1-block,cnn,protocol-v3,0.8,16,2,1,193,0.0018615000299178064,0.004533167055342346,519421952,0.7734375
cd9874794b1129d3,fashion_mnist,ssb-v1-block,cnn,protocol-v3,0.8,16,2,1,194,0.001845667022280395,0.004447124956641346,519421952,0.7578125
cd9874794b1129d3,fashion_mnist,ssb-v1-block,cnn,protocol-v3,0.8,16,2,1,195,0.0017865829868242145,0.004420791985467076,519421952,0.8828125
cd9874794b1129d3,fashion_mnist,ssb-v1-block,cnn,protocol-v3,0.8,16,2,1,196,0.0018067919882014394,0.004438999982085079,519421952,0.84375
cd9874794b1129d3,fashion_mnist,ssb-v1-block,cnn,protocol-v3,0.8,16,2,1,197,0.001848582993261516,0.004526374978013337,519421952,0.8515625
cd9874794b1129d3,fashion_mnist,ssb-v1-block,cnn,protocol-v3,0.8,16,2,1,198,0.0018017090042121708,0.004215083958115429,519421952,0.7890625
cd9874794b1129d3,fashion_mnist,ssb-v1-block,cnn,protocol-v3,0.8,16,2,1,199,0.0018002080032601953,0.0043278749799355865,519421952,0.8828125
cd9874794b1129d3,fashion_mnist,ssb-v1-block,cnn,protocol-v3,0.8,16,2,1,200,0.0017925410065799952,0.004393334034830332,519421952,0.8125
cd9874794b1129d3,fashion_mnist,ssb-v1-block,cnn,protocol-v3,0.8,16,2,1,201,0.001799332967493683,0.0044559589587152,519421952,0.7421875
cd9874794b1129d3,fashion_mnist,ssb-v1-block,cnn,protocol-v3,0.8,16,2,1,202,0.00180433300556615,0.004491583036724478,519421952,0.828125
cd9874794b1129d3,fashion_mnist,ssb-v1-block,cnn,protocol-v3,0.8,16,2,1,203,0.0018500830046832561,0.004393665993120521,519421952,0.8359375
cd9874794b1129d3,fashion_mnist,ssb-v1-block,cnn,protocol-v3,0.8,16,2,1,204,0.0018392499769106507,0.0043590840068645775,519421952,0.8671875
cd9874794b1129d3,fashion_mnist,ssb-v1-block,cnn,protocol-v3,0.8,16,2,1,205,0.0018507500062696636,0.004331999982241541,519421952,0.8046875
cd9874794b1129d3,fashion_mnist,ssb-v1-block,cnn,protocol-v3,0.8,16,2,1,206,0.001773166994098574,0.00460512499557808,519421952,0.7421875
cd9874794b1129d3,fashion_mnist,ssb-v1-block,cnn,protocol-v3,0.8,16,2,1,207,0.0017966660088859499,0.004290042037609965,519421952,0.859375
cd9874794b1129d3,fashion_mnist,ssb-v1-block,cnn,protocol-v3,0.8,16,2,1,208,0.0017382919904775918,0.004432625020854175,519421952,0.78125
cd9874794b1129d3,fashion_mnist,ssb-v1-block,cnn,protocol-v3,0.8,16,2,1,209,0.001916249981150031,0.004494166991207749,519438336,0.7890625
cd9874794b1129d3,fashion_mnist,ssb-v1-block,cnn,protocol-v3,0.8,16,2,1,210,0.0018004589946940541,0.0043244170374237,519438336,0.8203125
cd9874794b1129d3,fashion_mnist,ssb-v1-block,cnn,protocol-v3,0.8,16,2,1,211,0.0018131660181097686,0.004426583996973932,519438336,0.828125
cd9874794b1129d3,fashion_mnist,ssb-v1-block,cnn,protocol-v3,0.8,16,2,1,212,0.0018418749677948654,0.00431054102955386,519438336,0.8984375
cd9874794b1129d3,fashion_mnist,ssb-v1-block,cnn,protocol-v3,0.8,16,2,1,213,0.0018524170154705644,0.004352166026365012,519438336,0.84375
cd9874794b1129d3,fashion_mnist,ssb-v1-block,cnn,protocol-v3,0.8,16,2,1,214,0.0018333339830860496,0.004442166013177484,519438336,0.84375
cd9874794b1129d3,fashion_mnist,ssb-v1-block,cnn,protocol-v3,0.8,16,2,1,215,0.0017877090140245855,0.004430542001500726,519438336,0.828125
cd9874794b1129d3,fashion_mnist,ssb-v1-block,cnn,protocol-v3,0.8,16,2,1,216,0.0018045830074697733,0.004396374977659434,519438336,0.8203125
cd9874794b1129d3,fashion_mnist,ssb-v1-block,cnn,protocol-v3,0.8,16,2,1,217,0.0017814590246416628,0.004367083020042628,519438336,0.796875
cd9874794b1129d3,fashion_mnist,ssb-v1-block,cnn,protocol-v3,0.8,16,2,1,218,0.0018589579849503934,0.004504874988924712,519438336,0.8671875
cd9874794b1129d3,fashion_mnist,ssb-v1-block,cnn,protocol-v3,0.8,16,2,1,219,0.001852791989222169,0.004434832953847945,519438336,0.9140625
cd9874794b1129d3,fashion_mnist,ssb-v1-block,cnn,protocol-v3,0.8,16,2,1,220,0.001739208004437387,0.004452958004549146,519438336,0.8828125
cd9874794b1129d3,fashion_mnist,ssb-v1-block,cnn,protocol-v3,0.8,16,2,1,221,0.0017824160167947412,0.004396916017867625,519438336,0.8671875
cd9874794b1129d3,fashion_mnist,ssb-v1-block,cnn,protocol-v3,0.8,16,2,1,222,0.0017992500215768814,0.0044690840295515954,519438336,0.84375
cd9874794b1129d3,fashion_mnist,ssb-v1-block,cnn,protocol-v3,0.8,16,2,1,223,0.0017956660012714565,0.004552625003270805,519438336,0.8125
cd9874794b1129d3,fashion_mnist,ssb-v1-block,cnn,protocol-v3,0.8,16,2,1,224,0.0017973749781958759,0.00454850000096485,519438336,0.828125
cd9874794b1129d3,fashion_mnist,ssb-v1-block,cnn,protocol-v3,0.8,16,2,1,225,0.001882542041130364,0.004353791009634733,519438336,0.828125
cd9874794b1129d3,fashion_mnist,ssb-v1-block,cnn,protocol-v3,0.8,16,2,1,226,0.0017865000409074128,0.004269958997610956,519438336,0.890625
cd9874794b1129d3,fashion_mnist,ssb-v1-block,cnn,protocol-v3,0.8,16,2,1,227,0.0017355000018142164,0.004491999978199601,519438336,0.8046875
cd9874794b1129d3,fashion_mnist,ssb-v1-block,cnn,protocol-v3,0.8,16,2,1,228,0.0018010420026257634,0.0044763750047422945,519438336,0.890625
cd9874794b1129d3,fashion_mnist,ssb-v1-block,cnn,protocol-v3,0.8,16,2,1,229,0.0017937920056283474,0.004357959027402103,519438336,0.859375
cd9874794b1129d3,fashion_mnist,ssb-v1-block,cnn,protocol-v3,0.8,16,2,1,230,0.001806541986297816,0.004556207975838333,519438336,0.84375
cd9874794b1129d3,fashion_mnist,ssb-v1-block,cnn,protocol-v3,0.8,16,2,1,231,0.0017945420113392174,0.004540166992228478,519438336,0.8828125
cd9874794b1129d3,fashion_mnist,ssb-v1-block,cnn,protocol-v3,0.8,16,2,1,232,0.0018467080080881715,0.004266499949153513,519438336,0.859375
cd9874794b1129d3,fashion_mnist,ssb-v1-block,cnn,protocol-v3,0.8,16,2,1,233,0.0017437500064261258,0.004343666951172054,519438336,0.8515625
cd9874794b1129d3,fashion_mnist,ssb-v1-block,cnn,protocol-v3,0.8,16,2,1,234,0.0017167910118587315,0.004301584034692496,519454720,0.875
cd9874794b1129d3,fashion_mnist,ssb-v1-block,cnn,protocol-v3,0.8,16,2,1,235,0.0017950829933397472,0.004385334032122046,519454720,0.875
cd9874794b1129d3,fashion_mnist,ssb-v1-block,cnn,protocol-v3,0.8,16,2,1,236,0.0018090830417349935,0.004507542005740106,519454720,0.8515625
cd9874794b1129d3,fashion_mnist,ssb-v1-block,cnn,protocol-v3,0.8,16,2,1,237,0.0018092500395141542,0.004473666951525956,519454720,0.859375
cd9874794b1129d3,fashion_mnist,ssb-v1-block,cnn,protocol-v3,0.8,16,2,1,238,0.0018567910301499069,0.0043811670038849115,519454720,0.8671875
cd9874794b1129d3,fashion_mnist,ssb-v1-block,cnn,protocol-v3,0.8,16,2,1,239,0.0018194579752162099,0.004509124963078648,519454720,0.8671875
cd9874794b1129d3,fashion_mnist,ssb-v1-block,cnn,protocol-v3,0.8,16,2,1,240,0.0017495409701950848,0.004294209007639438,519454720,0.84375
cd9874794b1129d3,fashion_mnist,ssb-v1-block,cnn,protocol-v3,0.8,16,2,1,241,0.0018483750172890723,0.004353041993454099,519471104,0.8984375
cd9874794b1129d3,fashion_mnist,ssb-v1-block,cnn,protocol-v3,0.8,16,2,1,242,0.0017851670272648335,0.004425249993801117,519471104,0.921875
cd9874794b1129d3,fashion_mnist,ssb-v1-block,cnn,protocol-v3,0.8,16,2,1,243,0.001805041974876076,0.004561959009151906,519487488,0.8515625
cd9874794b1129d3,fashion_mnist,ssb-v1-block,cnn,protocol-v3,0.8,16,2,1,244,0.0018539160373620689,0.00451954104937613,519487488,0.8359375
cd9874794b1129d3,fashion_mnist,ssb-v1-block,cnn,protocol-v3,0.8,16,2,1,245,0.0018292500171810389,0.004209832986816764,519487488,0.8671875
cd9874794b1129d3,fashion_mnist,ssb-v1-block,cnn,protocol-v3,0.8,16,2,1,246,0.0018540830351412296,0.004274833016097546,519487488,0.859375
cd9874794b1129d3,fashion_mnist,ssb-v1-block,cnn,protocol-v3,0.8,16,2,1,247,0.0017294999561272562,0.004390584013890475,519487488,0.796875
cd9874794b1129d3,fashion_mnist,ssb-v1-block,cnn,protocol-v3,0.8,16,2,1,248,0.0017356660100631416,0.004487791971769184,519487488,0.84375
cd9874794b1129d3,fashion_mnist,ssb-v1-block,cnn,protocol-v3,0.8,16,2,1,249,0.0017949159955605865,0.004486582998652011,519487488,0.875
cd9874794b1129d3,fashion_mnist,ssb-v1-block,cnn,protocol-v3,0.8,16,2,1,250,0.0017544589936733246,0.004354166972916573,519503872,0.84375
cd9874794b1129d3,fashion_mnist,ssb-v1-block,cnn,protocol-v3,0.8,16,2,1,251,0.0017898749792948365,0.004581207991577685,519503872,0.90625
cd9874794b1129d3,fashion_mnist,ssb-v1-block,cnn,protocol-v3,0.8,16,2,1,252,0.0018596660229377449,0.0044429589761421084,519503872,0.859375
cd9874794b1129d3,fashion_mnist,ssb-v1-block,cnn,protocol-v3,0.8,16,2,1,253,0.0017183329910039902,0.004407833970617503,519520256,0.828125
cd9874794b1129d3,fashion_mnist,ssb-v1-block,cnn,protocol-v3,0.8,16,2,1,254,0.0017262499895878136,0.0044455829774960876,519520256,0.7890625
cd9874794b1129d3,fashion_mnist,ssb-v1-block,cnn,protocol-v3,0.8,16,2,1,255,0.0017803750233724713,0.0044879160122945905,519520256,0.8828125
cd9874794b1129d3,fashion_mnist,ssb-v1-block,cnn,protocol-v3,0.8,16,2,1,256,0.0018050000071525574,0.004566291987430304,519520256,0.8203125
cd9874794b1129d3,fashion_mnist,ssb-v1-block,cnn,protocol-v3,0.8,16,2,1,257,0.0018567080260254443,0.004370416980236769,519520256,0.8125
cd9874794b1129d3,fashion_mnist,ssb-v1-block,cnn,protocol-v3,0.8,16,2,1,258,0.0017177499830722809,0.004477459006011486,519520256,0.890625
cd9874794b1129d3,fashion_mnist,ssb-v1-block,cnn,protocol-v3,0.8,16,2,1,259,0.0018086250056512654,0.0042852089973166585,519520256,0.8984375
cd9874794b1129d3,fashion_mnist,ssb-v1-block,cnn,protocol-v3,0.8,16,2,1,260,0.0017800829955376685,0.00453187501989305,519520256,0.8046875
cd9874794b1129d3,fashion_mnist,ssb-v1-block,cnn,protocol-v3,0.8,16,2,1,261,0.0017907919827848673,0.004560208006296307,519520256,0.8125
cd9874794b1129d3,fashion_mnist,ssb-v1-block,cnn,protocol-v3,0.8,16,2,1,262,0.0017824170063249767,0.0044162499834783375,519520256,0.8046875
cd9874794b1129d3,fashion_mnist,ssb-v1-block,cnn,protocol-v3,0.8,16,2,1,263,0.0017784159863367677,0.004385208012536168,519520256,0.875
cd9874794b1129d3,fashion_mnist,ssb-v1-block,cnn,protocol-v3,0.8,16,2,1,264,0.0018501669983379543,0.004491625004447997,519536640,0.8515625
cd9874794b1129d3,fashion_mnist,ssb-v1-block,cnn,protocol-v3,0.8,16,2,1,265,0.0018211660208180547,0.00428962497971952,519536640,0.875
cd9874794b1129d3,fashion_mnist,ssb-v1-block,cnn,protocol-v3,0.8,16,2,1,266,0.0017818750347942114,0.004542290989775211,519536640,0.8359375
cd9874794b1129d3,fashion_mnist,ssb-v1-block,cnn,protocol-v3,0.8,16,2,1,267,0.0017983340076170862,0.004543375049252063,519536640,0.8515625
cd9874794b1129d3,fashion_mnist,ssb-v1-block,cnn,protocol-v3,0.8,16,2,1,268,0.0018495419644750655,0.0044582500122487545,519536640,0.8671875
cd9874794b1129d3,fashion_mnist,ssb-v1-block,cnn,protocol-v3,0.8,16,2,1,269,0.0018587500089779496,0.004373624979052693,519553024,0.8984375
cd9874794b1129d3,fashion_mnist,ssb-v1-block,cnn,protocol-v3,0.8,16,2,1,270,0.0017534999642521143,0.004520332964602858,519553024,0.8359375
cd9874794b1129d3,fashion_mnist,ssb-v1-block,cnn,protocol-v3,0.8,16,2,1,271,0.001797082950361073,0.004477124952245504,519553024,0.8828125
cd9874794b1129d3,fashion_mnist,ssb-v1-block,cnn,protocol-v3,0.8,16,2,1,272,0.001805500010959804,0.004357791971415281,519553024,0.890625
cd9874794b1129d3,fashion_mnist,ssb-v1-block,cnn,protocol-v3,0.8,16,2,1,273,0.001802917046006769,0.004475875000935048,519553024,0.84375
cd9874794b1129d3,fashion_mnist,ssb-v1-block,cnn,protocol-v3,0.8,16,2,1,274,0.0017999170231632888,0.004379499994684011,519553024,0.859375
cd9874794b1129d3,fashion_mnist,ssb-v1-block,cnn,protocol-v3,0.8,16,2,1,275,0.0018551669782027602,0.004396417003590614,519553024,0.8515625
cd9874794b1129d3,fashion_mnist,ssb-v1-block,cnn,protocol-v3,0.8,16,2,1,276,0.0018610410043038428,0.004423375008627772,519553024,0.7578125
cd9874794b1129d3,fashion_mnist,ssb-v1-block,cnn,protocol-v3,0.8,16,2,1,277,0.0017375409952364862,0.004464957979507744,519553024,0.9140625
cd9874794b1129d3,fashion_mnist,ssb-v1-block,cnn,protocol-v3,0.8,16,2,1,278,0.0017914160271175206,0.0044944160035811365,519569408,0.8671875
cd9874794b1129d3,fashion_mnist,ssb-v1-block,cnn,protocol-v3,0.8,16,2,1,279,0.0017880829982459545,0.004462915996555239,519569408,0.8984375
cd9874794b1129d3,fashion_mnist,ssb-v1-block,cnn,protocol-v3,0.8,16,2,1,280,0.0018463750020600855,0.004582374996971339,519569408,0.875
cd9874794b1129d3,fashion_mnist,ssb-v1-block,cnn,protocol-v3,0.8,16,2,1,281,0.0018519579898566008,0.004489292041398585,519569408,0.90625
cd9874794b1129d3,fashion_mnist,ssb-v1-block,cnn,protocol-v3,0.8,16,2,1,282,0.0017413750174455345,0.0043981249909847975,519569408,0.921875
cd9874794b1129d3,fashion_mnist,ssb-v1-block,cnn,protocol-v3,0.8,16,2,1,283,0.0017390410066582263,0.004310791962780058,519569408,0.875
cd9874794b1129d3,fashion_mnist,ssb-v1-block,cnn,protocol-v3,0.8,16,2,1,284,0.0017427079728804529,0.004559542052447796,519569408,0.859375
cd9874794b1129d3,fashion_mnist,ssb-v1-block,cnn,protocol-v3,0.8,16,2,1,285,0.0017786669777706265,0.0044358340092003345,519569408,0.8203125
cd9874794b1129d3,fashion_mnist,ssb-v1-block,cnn,protocol-v3,0.8,16,2,1,286,0.0018002080032601953,0.004548833006992936,519569408,0.8359375
cd9874794b1129d3,fashion_mnist,ssb-v1-block,cnn,protocol-v3,0.8,16,2,1,287,0.001916583045385778,0.004438083036802709,519585792,0.84375
cd9874794b1129d3,fashion_mnist,ssb-v1-block,cnn,protocol-v3,0.8,16,2,1,288,0.0017995840171352029,0.004409582994412631,519585792,0.8828125
cd9874794b1129d3,fashion_mnist,ssb-v1-block,cnn,protocol-v3,0.8,16,2,1,289,0.0018490410293452442,0.004238500026986003,519585792,0.8671875
cd9874794b1129d3,fashion_mnist,ssb-v1-block,cnn,protocol-v3,0.8,16,2,1,290,0.0018111669924110174,0.004471124964766204,519585792,0.8671875
cd9874794b1129d3,fashion_mnist,ssb-v1-block,cnn,protocol-v3,0.8,16,2,1,291,0.0017242080066353083,0.004336792044341564,519585792,0.828125
cd9874794b1129d3,fashion_mnist,ssb-v1-block,cnn,protocol-v3,0.8,16,2,1,292,0.0017915000207722187,0.004427667008712888,519585792,0.8828125
cd9874794b1129d3,fashion_mnist,ssb-v1-block,cnn,protocol-v3,0.8,16,2,1,293,0.0018077080021612346,0.004412707989104092,519585792,0.859375
cd9874794b1129d3,fashion_mnist,ssb-v1-block,cnn,protocol-v3,0.8,16,2,1,294,0.0018071670201607049,0.004219750000629574,519585792,0.8828125
cd9874794b1129d3,fashion_mnist,ssb-v1-block,cnn,protocol-v3,0.8,16,2,1,295,0.001771375013049692,0.0044194579822942615,519618560,0.84375
cd9874794b1129d3,fashion_mnist,ssb-v1-block,cnn,protocol-v3,0.8,16,2,1,296,0.001801165984943509,0.004444166959729046,519634944,0.8203125
cd9874794b1129d3,fashion_mnist,ssb-v1-block,cnn,protocol-v3,0.8,16,2,1,297,0.0018549580127000809,0.004451916029211134,519634944,0.8359375
cd9874794b1129d3,fashion_mnist,ssb-v1-block,cnn,protocol-v3,0.8,16,2,1,298,0.0018580839969217777,0.004391082969959825,519634944,0.8671875
cd9874794b1129d3,fashion_mnist,ssb-v1-block,cnn,protocol-v3,0.8,16,2,1,299,0.0017306249937973917,0.004339709004852921,519634944,0.890625
cd9874794b1129d3,fashion_mnist,ssb-v1-block,cnn,protocol-v3,0.8,16,2,1,300,0.0018089170334860682,0.004418040974996984,519634944,0.8828125
cd9874794b1129d3,fashion_mnist,ssb-v1-block,cnn,protocol-v3,0.8,16,2,1,301,0.0017944580176845193,0.00428516702959314,519634944,0.8828125
cd9874794b1129d3,fashion_mnist,ssb-v1-block,cnn,protocol-v3,0.8,16,2,1,302,0.001884083030745387,0.004498665977735072,519634944,0.828125
cd9874794b1129d3,fashion_mnist,ssb-v1-block,cnn,protocol-v3,0.8,16,2,1,303,0.0017927089938893914,0.004484041011892259,519651328,0.8828125
cd9874794b1129d3,fashion_mnist,ssb-v1-block,cnn,protocol-v3,0.8,16,2,1,304,0.0017988750478252769,0.004369458009023219,519651328,0.8359375
cd9874794b1129d3,fashion_mnist,ssb-v1-block,cnn,protocol-v3,0.8,16,2,1,305,0.0017815419705584645,0.0044430000125430524,519651328,0.828125
cd9874794b1129d3,fashion_mnist,ssb-v1-block,cnn,protocol-v3,0.8,16,2,1,306,0.0018387919990345836,0.004334584053140134,519651328,0.9140625
cd9874794b1129d3,fashion_mnist,ssb-v1-block,cnn,protocol-v3,0.8,16,2,1,307,0.0017285000067204237,0.004414374998304993,519651328,0.7890625
cd9874794b1129d3,fashion_mnist,ssb-v1-block,cnn,protocol-v3,0.8,16,2,1,308,0.0017827499541454017,0.0043695420026779175,519651328,0.875
cd9874794b1129d3,fashion_mnist,ssb-v1-block,cnn,protocol-v3,0.8,16,2,1,309,0.0017907909932546318,0.004446249979082495,519651328,0.8359375
cd9874794b1129d3,fashion_mnist,ssb-v1-block,cnn,protocol-v3,0.8,16,2,1,310,0.0017932499758899212,0.004374083946458995,519651328,0.921875
cd9874794b1129d3,fashion_mnist,ssb-v1-block,cnn,protocol-v3,0.8,16,2,1,311,0.0018506249762140214,0.004539541958365589,519667712,0.875
cd9874794b1129d3,fashion_mnist,ssb-v1-block,cnn,protocol-v3,0.8,16,2,1,312,0.001784500025678426,0.004380207974463701,519667712,0.8828125
cd9874794b1129d3,fashion_mnist,ssb-v1-block,cnn,protocol-v3,0.8,16,2,1,313,0.0018606670200824738,0.0045375420013442636,519667712,0.875
cd9874794b1129d3,fashion_mnist,ssb-v1-block,cnn,protocol-v3,0.8,16,2,1,314,0.0018202909850515425,0.004446999984793365,519667712,0.8359375
cd9874794b1129d3,fashion_mnist,ssb-v1-block,cnn,protocol-v3,0.8,16,2,1,315,0.0017992090433835983,0.004434874979779124,519667712,0.8671875
cd9874794b1129d3,fashion_mnist,ssb-v1-block,cnn,protocol-v3,0.8,16,2,1,316,0.0017992919893004,0.004405000014230609,519684096,0.9140625
cd9874794b1129d3,fashion_mnist,ssb-v1-block,cnn,protocol-v3,0.8,16,2,1,317,0.0017806250252760947,0.004550374986138195,519684096,0.90625
cd9874794b1129d3,fashion_mnist,ssb-v1-block,cnn,protocol-v3,0.8,16,2,1,318,0.0017885410343296826,0.004396250005811453,519684096,0.890625
cd9874794b1129d3,fashion_mnist,ssb-v1-block,cnn,protocol-v3,0.8,16,2,1,319,0.0017929579480551183,0.004442500008735806,519684096,0.796875
cd9874794b1129d3,fashion_mnist,ssb-v1-block,cnn,protocol-v3,0.8,16,2,1,320,0.0017407920095138252,0.004336083016823977,519684096,0.8671875
cd9874794b1129d3,fashion_mnist,ssb-v1-block,cnn,protocol-v3,0.8,16,2,1,321,0.0017388329724781215,0.00453412503702566,519684096,0.84375
cd9874794b1129d3,fashion_mnist,ssb-v1-block,cnn,protocol-v3,0.8,16,2,1,322,0.0017867920105345547,0.004302333982195705,519684096,0.8984375
cd9874794b1129d3,fashion_mnist,ssb-v1-block,cnn,protocol-v3,0.8,16,2,1,323,0.001777541998308152,0.004254708997905254,519684096,0.890625
cd9874794b1129d3,fashion_mnist,ssb-v1-block,cnn,protocol-v3,0.8,16,2,1,324,0.00180583301698789,0.004457124974578619,519684096,0.8984375
cd9874794b1129d3,fashion_mnist,ssb-v1-block,cnn,protocol-v3,0.8,16,2,1,325,0.0017151249921880662,0.004428374988492578,519684096,0.8671875
cd9874794b1129d3,fashion_mnist,ssb-v1-block,cnn,protocol-v3,0.8,16,2,1,326,0.0018007089965976775,0.004365041037090123,519700480,0.8828125
cd9874794b1129d3,fashion_mnist,ssb-v1-block,cnn,protocol-v3,0.8,16,2,1,327,0.0018476669793017209,0.004428624990396202,519700480,0.890625
cd9874794b1129d3,fashion_mnist,ssb-v1-block,cnn,protocol-v3,0.8,16,2,1,328,0.0017747919773682952,0.0043858750141225755,519716864,0.8671875
cd9874794b1129d3,fashion_mnist,ssb-v1-block,cnn,protocol-v3,0.8,16,2,1,329,0.0018453339580446482,0.004281667002942413,519716864,0.9296875
cd9874794b1129d3,fashion_mnist,ssb-v1-block,cnn,protocol-v3,0.8,16,2,1,330,0.0018152500269934535,0.004649458976928145,519716864,0.9375
cd9874794b1129d3,fashion_mnist,ssb-v1-block,cnn,protocol-v3,0.8,16,2,1,331,0.0018307080026715994,0.004285625007469207,519716864,0.890625
cd9874794b1129d3,fashion_mnist,ssb-v1-block,cnn,protocol-v3,0.8,16,2,1,332,0.001870208012405783,0.004691209003794938,519733248,0.890625
cd9874794b1129d3,fashion_mnist,ssb-v1-block,cnn,protocol-v3,0.8,16,2,1,333,0.0018048750353045762,0.004641125036869198,519733248,0.859375
cd9874794b1129d3,fashion_mnist,ssb-v1-block,cnn,protocol-v3,0.8,16,2,1,334,0.0018682499649003148,0.0044730419758707285,519733248,0.859375
cd9874794b1129d3,fashion_mnist,ssb-v1-block,cnn,protocol-v3,0.8,16,2,1,335,0.0019059579935856164,0.004331666976213455,519733248,0.828125
cd9874794b1129d3,fashion_mnist,ssb-v1-block,cnn,protocol-v3,0.8,16,2,1,336,0.001854750036727637,0.004487790982238948,519733248,0.796875
cd9874794b1129d3,fashion_mnist,ssb-v1-block,cnn,protocol-v3,0.8,16,2,1,337,0.0019030419643968344,0.004518917005043477,519733248,0.875
cd9874794b1129d3,fashion_mnist,ssb-v1-block,cnn,protocol-v3,0.8,16,2,1,338,0.0018560420139692724,0.004392249975353479,519733248,0.84375
cd9874794b1129d3,fashion_mnist,ssb-v1-block,cnn,protocol-v3,0.8,16,2,1,339,0.0018235419993288815,0.004241791961248964,519733248,0.875
cd9874794b1129d3,fashion_mnist,ssb-v1-block,cnn,protocol-v3,0.8,16,2,1,340,0.0017988330218940973,0.004410166991874576,519733248,0.8671875
cd9874794b1129d3,fashion_mnist,ssb-v1-block,cnn,protocol-v3,0.8,16,2,1,341,0.001818832999560982,0.004431999986991286,519733248,0.828125
cd9874794b1129d3,fashion_mnist,ssb-v1-block,cnn,protocol-v3,0.8,16,2,1,342,0.001831167028285563,0.0044875419698655605,519733248,0.8828125
cd9874794b1129d3,fashion_mnist,ssb-v1-block,cnn,protocol-v3,0.8,16,2,1,343,0.0017698750016279519,0.004426667001098394,519733248,0.8828125
cd9874794b1129d3,fashion_mnist,ssb-v1-block,cnn,protocol-v3,0.8,16,2,1,344,0.001796750002540648,0.004377792007289827,519733248,0.8671875
cd9874794b1129d3,fashion_mnist,ssb-v1-block,cnn,protocol-v3,0.8,16,2,1,345,0.0017757919849827886,0.004342208034358919,519733248,0.859375
cd9874794b1129d3,fashion_mnist,ssb-v1-block,cnn,protocol-v3,0.8,16,2,1,346,0.0018079589935950935,0.004477166978176683,519733248,0.875
cd9874794b1129d3,fashion_mnist,ssb-v1-block,cnn,protocol-v3,0.8,16,2,1,347,0.001793416973669082,0.004364375025033951,519733248,0.8359375
cd9874794b1129d3,fashion_mnist,ssb-v1-block,cnn,protocol-v3,0.8,16,2,1,348,0.0018442500149831176,0.004341249994467944,519749632,0.8828125
cd9874794b1129d3,fashion_mnist,ssb-v1-block,cnn,protocol-v3,0.8,16,2,1,349,0.0018512499518692493,0.010668584029190242,520749056,0.859375
cd9874794b1129d3,fashion_mnist,ssb-v1-block,cnn,protocol-v3,0.8,16,2,1,350,0.001792832976207137,0.0044979999656789005,521109504,0.8671875
cd9874794b1129d3,fashion_mnist,ssb-v1-block,cnn,protocol-v3,0.8,16,2,1,351,0.0017198330024257302,0.004516499990131706,521109504,0.875
cd9874794b1129d3,fashion_mnist,ssb-v1-block,cnn,protocol-v3,0.8,16,2,1,352,0.0018118330044671893,0.004210582992527634,521486336,0.890625
cd9874794b1129d3,fashion_mnist,ssb-v1-block,cnn,protocol-v3,0.8,16,2,1,353,0.0018349169986322522,0.004478833056055009,521486336,0.84375
cd9874794b1129d3,fashion_mnist,ssb-v1-block,cnn,protocol-v3,0.8,16,2,1,354,0.0018005000310949981,0.004405207990203053,521502720,0.859375
cd9874794b1129d3,fashion_mnist,ssb-v1-block,cnn,protocol-v3,0.8,16,2,1,355,0.0018585000070743263,0.00421562505653128,521519104,0.8515625
cd9874794b1129d3,fashion_mnist,ssb-v1-block,cnn,protocol-v3,0.8,16,2,1,356,0.001839499978814274,0.004335750010795891,521519104,0.8515625
cd9874794b1129d3,fashion_mnist,ssb-v1-block,cnn,protocol-v3,0.8,16,2,1,357,0.001862957957200706,0.004299416032154113,521519104,0.859375
cd9874794b1129d3,fashion_mnist,ssb-v1-block,cnn,protocol-v3,0.8,16,2,1,358,0.001752957992721349,0.004493542015552521,521519104,0.8671875
cd9874794b1129d3,fashion_mnist,ssb-v1-block,cnn,protocol-v3,0.8,16,2,1,359,0.0018028750200755894,0.004444249963853508,521519104,0.8203125
cd9874794b1129d3,fashion_mnist,ssb-v1-block,cnn,protocol-v3,0.8,16,2,1,360,0.0018072910024784505,0.004539834044408053,521519104,0.8359375
cd9874794b1129d3,fashion_mnist,ssb-v1-block,cnn,protocol-v3,0.8,16,2,1,361,0.0018583749770186841,0.004528333025518805,521519104,0.90625
cd9874794b1129d3,fashion_mnist,ssb-v1-block,cnn,protocol-v3,0.8,16,2,1,362,0.001851457986049354,0.0044123330153524876,521519104,0.875
cd9874794b1129d3,fashion_mnist,ssb-v1-block,cnn,protocol-v3,0.8,16,2,1,363,0.0018006670288741589,0.004302041023038328,521519104,0.890625
cd9874794b1129d3,fashion_mnist,ssb-v1-block,cnn,protocol-v3,0.8,16,2,1,364,0.0018062079907394946,0.004301584034692496,521519104,0.8671875
cd9874794b1129d3,fashion_mnist,ssb-v1-block,cnn,protocol-v3,0.8,16,2,1,365,0.0017520000110380352,0.004383958992548287,521519104,0.8515625
cd9874794b1129d3,fashion_mnist,ssb-v1-block,cnn,protocol-v3,0.8,16,2,1,366,0.001793458010070026,0.004459832969587296,521535488,0.875
cd9874794b1129d3,fashion_mnist,ssb-v1-block,cnn,protocol-v3,0.8,16,2,1,367,0.001784832973498851,0.004483625001739711,521535488,0.875
cd9874794b1129d3,fashion_mnist,ssb-v1-block,cnn,protocol-v3,0.8,16,2,1,368,0.0018513330142013729,0.004611792042851448,521535488,0.90625
cd9874794b1129d3,fashion_mnist,ssb-v1-block,cnn,protocol-v3,0.8,16,2,1,369,0.001801875012461096,0.004507166973780841,521535488,0.9140625
cd9874794b1129d3,fashion_mnist,ssb-v1-block,cnn,protocol-v3,0.8,16,2,1,370,0.0018456249963492155,0.004457250004634261,521535488,0.90625
cd9874794b1129d3,fashion_mnist,ssb-v1-block,cnn,protocol-v3,0.8,16,2,1,371,0.0018046250334009528,0.004508083045948297,521535488,0.875
cd9874794b1129d3,fashion_mnist,ssb-v1-block,cnn,protocol-v3,0.8,16,2,1,372,0.001900291012134403,0.004470250045415014,521535488,0.84375
cd9874794b1129d3,fashion_mnist,ssb-v1-block,cnn,protocol-v3,0.8,16,2,1,373,0.0017999159754253924,0.004460874944925308,521535488,0.8828125
cd9874794b1129d3,fashion_mnist,ssb-v1-block,cnn,protocol-v3,0.8,16,2,1,374,0.0018364170100539923,0.004419000004418194,521535488,0.8515625
cd9874794b1129d3,fashion_mnist,ssb-v1-block,cnn,protocol-v3,0.8,16,2,1,375,0.001738124992698431,0.004287458024919033,521535488,0.8515625
cd9874794b1129d3,fashion_mnist,ssb-v1-block,cnn,protocol-v3,0.8,16,2,1,376,0.0018088750075548887,0.004363541025668383,521535488,0.921875
cd9874794b1129d3,fashion_mnist,ssb-v1-block,cnn,protocol-v3,0.8,16,2,1,377,0.0018276249757036567,0.0042070409981533885,521535488,0.875
cd9874794b1129d3,fashion_mnist,ssb-v1-block,cnn,protocol-v3,0.8,16,2,1,378,0.001789791975170374,0.004598667030222714,521535488,0.9140625
cd9874794b1129d3,fashion_mnist,ssb-v1-block,cnn,protocol-v3,0.8,16,2,1,379,0.001791708986274898,0.004449458967428654,521535488,0.84375
cd9874794b1129d3,fashion_mnist,ssb-v1-block,cnn,protocol-v3,0.8,16,2,1,380,0.0018457919941283762,0.0044397920137271285,521535488,0.8515625
cd9874794b1129d3,fashion_mnist,ssb-v1-block,cnn,protocol-v3,0.8,16,2,1,381,0.0018628330435603857,0.004522999981418252,521535488,0.9140625
cd9874794b1129d3,fashion_mnist,ssb-v1-block,cnn,protocol-v3,0.8,16,2,1,382,0.0017162499716505408,0.0042316659819334745,521535488,0.890625
cd9874794b1129d3,fashion_mnist,ssb-v1-block,cnn,protocol-v3,0.8,16,2,1,383,0.0018295830232091248,0.004393332987092435,521535488,0.90625
cd9874794b1129d3,fashion_mnist,ssb-v1-block,cnn,protocol-v3,0.8,16,2,1,384,0.0017963749705813825,0.0045102090225555,521535488,0.84375
cd9874794b1129d3,fashion_mnist,ssb-v1-block,cnn,protocol-v3,0.8,16,2,1,385,0.0018065840122289956,0.004416000039782375,521535488,0.921875
cd9874794b1129d3,fashion_mnist,ssb-v1-block,cnn,protocol-v3,0.8,16,2,1,386,0.0017761249910108745,0.0042769170249812305,521535488,0.890625
cd9874794b1129d3,fashion_mnist,ssb-v1-block,cnn,protocol-v3,0.8,16,2,1,387,0.001795707968994975,0.004446832987014204,521535488,0.875
cd9874794b1129d3,fashion_mnist,ssb-v1-block,cnn,protocol-v3,0.8,16,2,1,388,0.0017483750125393271,0.0043895000126212835,521535488,0.875
cd9874794b1129d3,fashion_mnist,ssb-v1-block,cnn,protocol-v3,0.8,16,2,1,389,0.0017709160456433892,0.004492792009841651,521535488,0.8359375
cd9874794b1129d3,fashion_mnist,ssb-v1-block,cnn,protocol-v3,0.8,16,2,1,390,0.0018072499660775065,0.004348791961092502,521535488,0.8671875
cd9874794b1129d3,fashion_mnist,ssb-v1-block,cnn,protocol-v3,0.8,16,2,1,391,0.0017992499633692205,0.004459957999642938,521535488,0.8984375
cd9874794b1129d3,fashion_mnist,ssb-v1-block,cnn,protocol-v3,0.8,16,2,1,392,0.0017884590197354555,0.0044064579997211695,521535488,0.890625
cd9874794b1129d3,fashion_mnist,ssb-v1-block,cnn,protocol-v3,0.8,16,2,1,393,0.0017965830047614872,0.004331500036641955,521535488,0.875
cd9874794b1129d3,fashion_mnist,ssb-v1-block,cnn,protocol-v3,0.8,16,2,1,394,0.0018110420205630362,0.004501999996136874,521535488,0.828125
cd9874794b1129d3,fashion_mnist,ssb-v1-block,cnn,protocol-v3,0.8,16,2,1,395,0.0017411250155419111,0.004341874970123172,521535488,0.84375
cd9874794b1129d3,fashion_mnist,ssb-v1-block,cnn,protocol-v3,0.8,16,2,1,396,0.0017872090102173388,0.004366250010207295,521535488,0.859375
cd9874794b1129d3,fashion_mnist,ssb-v1-block,cnn,protocol-v3,0.8,16,2,1,397,0.0017922919942066073,0.004412707989104092,521535488,0.8984375
cd9874794b1129d3,fashion_mnist,ssb-v1-block,cnn,protocol-v3,0.8,16,2,1,398,0.0017910419846884906,0.004580084001645446,521535488,0.921875
cd9874794b1129d3,fashion_mnist,ssb-v1-block,cnn,protocol-v3,0.8,16,2,1,399,0.001790290989447385,0.0045335000031627715,521535488,0.8359375
cd9874794b1129d3,fashion_mnist,ssb-v1-block,cnn,protocol-v3,0.8,16,2,1,400,0.001985416980460286,0.004463583987671882,521535488,0.875
cd9874794b1129d3,fashion_mnist,ssb-v1-block,cnn,protocol-v3,0.8,16,2,1,401,0.0018054579850286245,0.004339875013101846,521535488,0.8359375
cd9874794b1129d3,fashion_mnist,ssb-v1-block,cnn,protocol-v3,0.8,16,2,1,402,0.0017150419880636036,0.004466333019081503,521535488,0.875
cd9874794b1129d3,fashion_mnist,ssb-v1-block,cnn,protocol-v3,0.8,16,2,1,403,0.0017828330164775252,0.0043663340038619936,521535488,0.859375
cd9874794b1129d3,fashion_mnist,ssb-v1-block,cnn,protocol-v3,0.8,16,2,1,404,0.0017778340261429548,0.004344374989159405,521535488,0.859375
cd9874794b1129d3,fashion_mnist,ssb-v1-block,cnn,protocol-v3,0.8,16,2,1,405,0.0018120830063708127,0.0043981249909847975,521535488,0.875
cd9874794b1129d3,fashion_mnist,ssb-v1-block,cnn,protocol-v3,0.8,16,2,1,406,0.0018479590071365237,0.004419041972141713,521535488,0.8671875
cd9874794b1129d3,fashion_mnist,ssb-v1-block,cnn,protocol-v3,0.8,16,2,1,407,0.001846708997618407,0.004537374945357442,521535488,0.8203125
cd9874794b1129d3,fashion_mnist,ssb-v1-block,cnn,protocol-v3,0.8,16,2,1,408,0.0017997079994529486,0.00443670799722895,521535488,0.8984375
cd9874794b1129d3,fashion_mnist,ssb-v1-block,cnn,protocol-v3,0.8,16,2,1,409,0.0017995419912040234,0.004602500004693866,521535488,0.8125
cd9874794b1129d3,fashion_mnist,ssb-v1-block,cnn,protocol-v3,0.8,16,2,1,410,0.0018342919647693634,0.004370999988168478,521535488,0.875
cd9874794b1129d3,fashion_mnist,ssb-v1-block,cnn,protocol-v3,0.8,16,2,1,411,0.0018569999956525862,0.004260124987922609,521551872,0.8828125
cd9874794b1129d3,fashion_mnist,ssb-v1-block,cnn,protocol-v3,0.8,16,2,1,412,0.001860541000496596,0.004246832977514714,521551872,0.828125
cd9874794b1129d3,fashion_mnist,ssb-v1-block,cnn,protocol-v3,0.8,16,2,1,413,0.0018545830389484763,0.004395583993755281,521551872,0.8984375
cd9874794b1129d3,fashion_mnist,ssb-v1-block,cnn,protocol-v3,0.8,16,2,1,414,0.0017411659937351942,0.004324125009588897,521551872,0.8515625
cd9874794b1129d3,fashion_mnist,ssb-v1-block,cnn,protocol-v3,0.8,16,2,1,415,0.0017419999931007624,0.004398291988763958,521551872,0.8203125
cd9874794b1129d3,fashion_mnist,ssb-v1-block,cnn,protocol-v3,0.8,16,2,1,416,0.0018200420308858156,0.004493749991524965,521551872,0.8515625
cd9874794b1129d3,fashion_mnist,ssb-v1-block,cnn,protocol-v3,0.8,16,2,1,417,0.00178995804162696,0.00437766604591161,521551872,0.921875
cd9874794b1129d3,fashion_mnist,ssb-v1-block,cnn,protocol-v3,0.8,16,2,1,418,0.0018074170220643282,0.0045820840168744326,521551872,0.8046875
cd9874794b1129d3,fashion_mnist,ssb-v1-block,cnn,protocol-v3,0.8,16,2,1,419,0.0018575420253910124,0.004381957987789065,521551872,0.8984375
cd9874794b1129d3,fashion_mnist,ssb-v1-block,cnn,protocol-v3,0.8,16,2,1,420,0.0017352920258417726,0.0043817920377478,521551872,0.8125
cd9874794b1129d3,fashion_mnist,ssb-v1-block,cnn,protocol-v3,0.8,16,2,1,421,0.0017890000017359853,0.004472624976187944,521551872,0.8828125
cd9874794b1129d3,fashion_mnist,ssb-v1-block,cnn,protocol-v3,0.8,16,2,1,422,0.0017877499922178686,0.004402542021125555,521551872,0.90625
cd9874794b1129d3,fashion_mnist,ssb-v1-block,cnn,protocol-v3,0.8,16,2,1,423,0.0017897079815156758,0.004345208988524973,521568256,0.8984375
cd9874794b1129d3,fashion_mnist,ssb-v1-block,cnn,protocol-v3,0.8,16,2,1,424,0.0018087920034304261,0.004462709010113031,521568256,0.84375
cd9874794b1129d3,fashion_mnist,ssb-v1-block,cnn,protocol-v3,0.8,16,2,1,425,0.0018056249828077853,0.004517249995842576,521568256,0.8359375
cd9874794b1129d3,fashion_mnist,ssb-v1-block,cnn,protocol-v3,0.8,16,2,1,426,0.00177425000583753,0.004266417003236711,521568256,0.8515625
cd9874794b1129d3,fashion_mnist,ssb-v1-block,cnn,protocol-v3,0.8,16,2,1,427,0.0017780420021153986,0.0043474999838508666,521568256,0.9140625
cd9874794b1129d3,fashion_mnist,ssb-v1-block,cnn,protocol-v3,0.8,16,2,1,428,0.0018453329685144126,0.004398249962832779,521568256,0.859375
cd9874794b1129d3,fashion_mnist,ssb-v1-block,cnn,protocol-v3,0.8,16,2,1,429,0.00179854198358953,0.004438749980181456,521568256,0.84375
cd9874794b1129d3,fashion_mnist,ssb-v1-block,cnn,protocol-v3,0.8,16,2,1,430,0.0017895419732667506,0.004306542046833783,521568256,0.859375
cd9874794b1129d3,fashion_mnist,ssb-v1-block,cnn,protocol-v3,0.8,16,2,1,431,0.0018042500014416873,0.004520000016782433,521568256,0.875
cd9874794b1129d3,fashion_mnist,ssb-v1-block,cnn,protocol-v3,0.8,16,2,1,432,0.0017727499944157898,0.004473624983802438,521568256,0.890625
cd9874794b1129d3,fashion_mnist,ssb-v1-block,cnn,protocol-v3,0.8,16,2,1,433,0.0018363340059295297,0.004467083024792373,521568256,0.875
cd9874794b1129d3,fashion_mnist,ssb-v1-block,cnn,protocol-v3,0.8,16,2,1,434,0.001731166965328157,0.004444666963536292,521568256,0.8828125
cd9874794b1129d3,fashion_mnist,ssb-v1-block,cnn,protocol-v3,0.8,16,2,1,435,0.0017846249975264072,0.004441750003024936,521568256,0.90625
cd9874794b1129d3,fashion_mnist,ssb-v1-block,cnn,protocol-v3,0.8,16,2,1,436,0.0017885830020532012,0.00440983398584649,521568256,0.859375
cd9874794b1129d3,fashion_mnist,ssb-v1-block,cnn,protocol-v3,0.8,16,2,1,437,0.00180508301127702,0.004395292024128139,521568256,0.859375
cd9874794b1129d3,fashion_mnist,ssb-v1-block,cnn,protocol-v3,0.8,16,2,1,438,0.0017752919811755419,0.004538999986834824,521568256,0.859375
cd9874794b1129d3,fashion_mnist,ssb-v1-block,cnn,protocol-v3,0.8,16,2,1,439,0.0018561669858172536,0.004499083035625517,521568256,0.875
cd9874794b1129d3,fashion_mnist,ssb-v1-block,cnn,protocol-v3,0.8,16,2,1,440,0.0018867499893531203,0.004313790996093303,521568256,0.8515625
cd9874794b1129d3,fashion_mnist,ssb-v1-block,cnn,protocol-v3,0.8,16,2,1,441,0.0018430830095894635,0.0042121250298805535,521568256,0.921875
cd9874794b1129d3,fashion_mnist,ssb-v1-block,cnn,protocol-v3,0.8,16,2,1,442,0.0017877090140245855,0.0043047909857705235,521568256,0.890625
cd9874794b1129d3,fashion_mnist,ssb-v1-block,cnn,protocol-v3,0.8,16,2,1,443,0.0019195419736206532,0.004295292019378394,521584640,0.8125
cd9874794b1129d3,fashion_mnist,ssb-v1-block,cnn,protocol-v3,0.8,16,2,1,444,0.0017887920257635415,0.004480250005144626,521584640,0.8671875
cd9874794b1129d3,fashion_mnist,ssb-v1-block,cnn,protocol-v3,0.8,16,2,1,445,0.001800708007067442,0.004465874982997775,521584640,0.8359375
cd9874794b1129d3,fashion_mnist,ssb-v1-block,cnn,protocol-v3,0.8,16,2,1,446,0.0018086250056512654,0.004374874988570809,521584640,0.84375
cd9874794b1129d3,fashion_mnist,ssb-v1-block,cnn,protocol-v3,0.8,16,2,1,447,0.001792666967958212,0.004495709028560668,521584640,0.8828125
cd9874794b1129d3,fashion_mnist,ssb-v1-block,cnn,protocol-v3,0.8,16,2,1,448,0.001865832949988544,0.004354082979261875,521601024,0.859375
cd9874794b1129d3,fashion_mnist,ssb-v1-block,cnn,protocol-v3,0.8,16,2,1,449,0.0018448749906383455,0.0042819579830393195,521601024,0.8984375
cd9874794b1129d3,fashion_mnist,ssb-v1-block,cnn,protocol-v3,0.8,16,2,1,450,0.0017351669957861304,0.004398457997012883,521601024,0.8671875
cd9874794b1129d3,fashion_mnist,ssb-v1-block,cnn,protocol-v3,0.8,16,2,1,451,0.0017297909944318235,0.004457583010662347,521601024,0.828125
cd9874794b1129d3,fashion_mnist,ssb-v1-block,cnn,protocol-v3,0.8,16,2,1,452,0.0017936669755727053,0.004485957964789122,521601024,0.84375
cd9874794b1129d3,fashion_mnist,ssb-v1-block,cnn,protocol-v3,0.8,16,2,1,453,0.0017985409940592945,0.00425095803802833,521601024,0.921875
cd9874794b1129d3,fashion_mnist,ssb-v1-block,cnn,protocol-v3,0.8,16,2,1,454,0.0018058749847114086,0.0046026670024730265,521601024,0.8515625
cd9874794b1129d3,fashion_mnist,ssb-v1-block,cnn,protocol-v3,0.8,16,2,1,455,0.0018461659783497453,0.004430082975886762,521617408,0.8125
cd9874794b1129d3,fashion_mnist,ssb-v1-block,cnn,protocol-v3,0.8,16,2,1,456,0.001857499999459833,0.004480083007365465,521617408,0.8671875
cd9874794b1129d3,fashion_mnist,ssb-v1-block,cnn,protocol-v3,0.8,16,2,1,457,0.0017403330421075225,0.004305625043343753,521617408,0.8671875
cd9874794b1129d3,fashion_mnist,ssb-v1-block,cnn,protocol-v3,0.8,16,2,1,458,0.0017374170129187405,0.00440829194849357,521617408,0.859375
cd9874794b1129d3,fashion_mnist,ssb-v1-block,cnn,protocol-v3,0.8,16,2,1,459,0.0017902920371852815,0.004308916977606714,521617408,0.84375
cd9874794b1129d3,fashion_mnist,ssb-v1-block,cnn,protocol-v3,0.8,16,2,1,460,0.0017861250089481473,0.004440792021341622,521633792,0.8125
cd9874794b1129d3,fashion_mnist,ssb-v1-block,cnn,protocol-v3,0.8,16,2,1,461,0.0017890000017359853,0.0044637080281972885,521633792,0.8671875
cd9874794b1129d3,fashion_mnist,ssb-v1-block,cnn,protocol-v3,0.8,16,2,1,462,0.0017978340038098395,0.004431542009115219,521633792,0.875
cd9874794b1129d3,fashion_mnist,ssb-v1-block,cnn,protocol-v3,0.8,16,2,1,463,0.0018447500187903643,0.004421791003551334,521633792,0.8671875
cd9874794b1129d3,fashion_mnist,ssb-v1-block,cnn,protocol-v3,0.8,16,2,1,464,0.0018553330446593463,0.0044159170356579125,521633792,0.8359375
cd9874794b1129d3,fashion_mnist,ssb-v1-block,cnn,protocol-v3,0.8,16,2,1,465,0.0018497919663786888,0.004541417001746595,521633792,0.828125
cd9874794b1129d3,fashion_mnist,ssb-v1-block,cnn,protocol-v3,0.8,16,2,1,466,0.0017878749640658498,0.004463875025976449,521633792,0.875
cd9874794b1129d3,fashion_mnist,ssb-v1-block,cnn,protocol-v3,0.8,16,2,1,467,0.0017927500302903354,0.004356334044132382,521650176,0.8828125
cd9874794b1129d3,fashion_mnist,ssb-v1-block,cnn,protocol-v3,0.8,16,2,1,468,0.008303374983370304,0.034472916973754764,534216704,0.8541666666666666
cd9874794b1129d3,fashion_mnist,ssb-v1-block,cnn,protocol-v3,0.8,16,2,2,0,0.0019308750052005053,0.004752666980493814,541638656,0.921875
cd9874794b1129d3,fashion_mnist,ssb-v1-block,cnn,protocol-v3,0.8,16,2,2,1,0.0019261669949628413,0.004743375000543892,542392320,0.8828125
cd9874794b1129d3,fashion_mnist,ssb-v1-block,cnn,protocol-v3,0.8,16,2,2,2,0.0019174999906681478,0.004626334004569799,542392320,0.90625
cd9874794b1129d3,fashion_mnist,ssb-v1-block,cnn,protocol-v3,0.8,16,2,2,3,0.0018359579844400287,0.004470332991331816,542392320,0.921875
cd9874794b1129d3,fashion_mnist,ssb-v1-block,cnn,protocol-v3,0.8,16,2,2,4,0.001927750010509044,0.004548375029116869,542392320,0.8515625
cd9874794b1129d3,fashion_mnist,ssb-v1-block,cnn,protocol-v3,0.8,16,2,2,5,0.001883207994978875,0.004639499995391816,542392320,0.875
cd9874794b1129d3,fashion_mnist,ssb-v1-block,cnn,protocol-v3,0.8,16,2,2,6,0.0017301670159213245,0.004494250053539872,542392320,0.921875
cd9874794b1129d3,fashion_mnist,ssb-v1-block,cnn,protocol-v3,0.8,16,2,2,7,0.0018053340027108788,0.004490665975026786,542392320,0.9140625
cd9874794b1129d3,fashion_mnist,ssb-v1-block,cnn,protocol-v3,0.8,16,2,2,8,0.0018507910426706076,0.004402083985041827,542392320,0.8984375
cd9874794b1129d3,fashion_mnist,ssb-v1-block,cnn,protocol-v3,0.8,16,2,2,9,0.0018610000261105597,0.004397708049509674,542392320,0.9140625
cd9874794b1129d3,fashion_mnist,ssb-v1-block,cnn,protocol-v3,0.8,16,2,2,10,0.001756542013026774,0.004585583053994924,542392320,0.90625
cd9874794b1129d3,fashion_mnist,ssb-v1-block,cnn,protocol-v3,0.8,16,2,2,11,0.00180433300556615,0.004394125018734485,542801920,0.8203125
cd9874794b1129d3,fashion_mnist,ssb-v1-block,cnn,protocol-v3,0.8,16,2,2,12,0.0018158329767175019,0.004524792020674795,543129600,0.8828125
cd9874794b1129d3,fashion_mnist,ssb-v1-block,cnn,protocol-v3,0.8,16,2,2,13,0.0018491249647922814,0.004441708035301417,543129600,0.90625
cd9874794b1129d3,fashion_mnist,ssb-v1-block,cnn,protocol-v3,0.8,16,2,2,14,0.001746458001434803,0.004472667002119124,543129600,0.8828125
cd9874794b1129d3,fashion_mnist,ssb-v1-block,cnn,protocol-v3,0.8,16,2,2,15,0.0017994170193560421,0.004512083018198609,543129600,0.8671875
cd9874794b1129d3,fashion_mnist,ssb-v1-block,cnn,protocol-v3,0.8,16,2,2,16,0.0018026669858954847,0.004505125049035996,543129600,0.9296875
cd9874794b1129d3,fashion_mnist,ssb-v1-block,cnn,protocol-v3,0.8,16,2,2,17,0.001852791989222169,0.004395457974169403,543145984,0.8515625
cd9874794b1129d3,fashion_mnist,ssb-v1-block,cnn,protocol-v3,0.8,16,2,2,18,0.0018497499986551702,0.004477459006011486,543145984,0.875
cd9874794b1129d3,fashion_mnist,ssb-v1-block,cnn,protocol-v3,0.8,16,2,2,19,0.0017491250182501972,0.004262375005055219,543145984,0.8828125
cd9874794b1129d3,fashion_mnist,ssb-v1-block,cnn,protocol-v3,0.8,16,2,2,20,0.0017265829956158996,0.00444983399938792,543145984,0.875
cd9874794b1129d3,fashion_mnist,ssb-v1-block,cnn,protocol-v3,0.8,16,2,2,21,0.0017941250116564333,0.004475000023376197,543145984,0.84375
cd9874794b1129d3,fashion_mnist,ssb-v1-block,cnn,protocol-v3,0.8,16,2,2,22,0.0017976250383071601,0.00446979101980105,543145984,0.9296875
cd9874794b1129d3,fashion_mnist,ssb-v1-block,cnn,protocol-v3,0.8,16,2,2,23,0.001805042033083737,0.004390665970277041,543145984,0.8515625
cd9874794b1129d3,fashion_mnist,ssb-v1-block,cnn,protocol-v3,0.8,16,2,2,24,0.0018466250039637089,0.004546332987956703,543145984,0.921875
cd9874794b1129d3,fashion_mnist,ssb-v1-block,cnn,protocol-v3,0.8,16,2,2,25,0.001830791006796062,0.0044010840356349945,543145984,0.9140625
cd9874794b1129d3,fashion_mnist,ssb-v1-block,cnn,protocol-v3,0.8,16,2,2,26,0.0017411669832654297,0.004313333018217236,543145984,0.875
cd9874794b1129d3,fashion_mnist,ssb-v1-block,cnn,protocol-v3,0.8,16,2,2,27,0.0018548749503679574,0.004644124943297356,543145984,0.859375
cd9874794b1129d3,fashion_mnist,ssb-v1-block,cnn,protocol-v3,0.8,16,2,2,28,0.0017954169888980687,0.00441712501924485,543145984,0.875
cd9874794b1129d3,fashion_mnist,ssb-v1-block,cnn,protocol-v3,0.8,16,2,2,29,0.0018043750314973295,0.004184458986856043,543145984,0.8515625
cd9874794b1129d3,fashion_mnist,ssb-v1-block,cnn,protocol-v3,0.8,16,2,2,30,0.0017969579785130918,0.004477458947803825,543145984,0.875
cd9874794b1129d3,fashion_mnist,ssb-v1-block,cnn,protocol-v3,0.8,16,2,2,31,0.0017254999838769436,0.00448887498350814,543145984,0.8515625
cd9874794b1129d3,fashion_mnist,ssb-v1-block,cnn,protocol-v3,0.8,16,2,2,32,0.0018457080004736781,0.004439665994141251,543145984,0.828125
cd9874794b1129d3,fashion_mnist,ssb-v1-block,cnn,protocol-v3,0.8,16,2,2,33,0.0017595000099390745,0.004335125035140663,543145984,0.859375
cd9874794b1129d3,fashion_mnist,ssb-v1-block,cnn,protocol-v3,0.8,16,2,2,34,0.0017563329893164337,0.004414541996084154,543145984,0.8828125
cd9874794b1129d3,fashion_mnist,ssb-v1-block,cnn,protocol-v3,0.8,16,2,2,35,0.0017980419797822833,0.004450707987416536,543145984,0.875
cd9874794b1129d3,fashion_mnist,ssb-v1-block,cnn,protocol-v3,0.8,16,2,2,36,0.0017921249964274466,0.004537916975095868,543145984,0.8671875
cd9874794b1129d3,fashion_mnist,ssb-v1-block,cnn,protocol-v3,0.8,16,2,2,37,0.0017903749831020832,0.004446792008820921,543145984,0.859375
cd9874794b1129d3,fashion_mnist,ssb-v1-block,cnn,protocol-v3,0.8,16,2,2,38,0.0018417910323478281,0.004390833026263863,543145984,0.875
cd9874794b1129d3,fashion_mnist,ssb-v1-block,cnn,protocol-v3,0.8,16,2,2,39,0.0017924579442478716,0.004310500051360577,543145984,0.90625
cd9874794b1129d3,fashion_mnist,ssb-v1-block,cnn,protocol-v3,0.8,16,2,2,40,0.0018410420161671937,0.004318332998082042,543145984,0.875
cd9874794b1129d3,fashion_mnist,ssb-v1-block,cnn,protocol-v3,0.8,16,2,2,41,0.0017441250383853912,0.004440249991603196,543145984,0.8515625
cd9874794b1129d3,fashion_mnist,ssb-v1-block,cnn,protocol-v3,0.8,16,2,2,42,0.0018595840083435178,0.004418416996486485,543145984,0.8828125
cd9874794b1129d3,fashion_mnist,ssb-v1-block,cnn,protocol-v3,0.8,16,2,2,43,0.0017918340163305402,0.004441125027369708,543145984,0.84375
cd9874794b1129d3,fashion_mnist,ssb-v1-block,cnn,protocol-v3,0.8,16,2,2,44,0.0018019999843090773,0.004462083976250142,543145984,0.8828125
cd9874794b1129d3,fashion_mnist,ssb-v1-block,cnn,protocol-v3,0.8,16,2,2,45,0.0018196669989265501,0.004348166985437274,543145984,0.90625
cd9874794b1129d3,fashion_mnist,ssb-v1-block,cnn,protocol-v3,0.8,16,2,2,46,0.0018337919609621167,0.0044217079994268715,543145984,0.90625
cd9874794b1129d3,fashion_mnist,ssb-v1-block,cnn,protocol-v3,0.8,16,2,2,47,0.001858375035226345,0.0045737920445390046,543145984,0.8984375
cd9874794b1129d3,fashion_mnist,ssb-v1-block,cnn,protocol-v3,0.8,16,2,2,48,0.0017851670272648335,0.004563416005112231,543145984,0.875
cd9874794b1129d3,fashion_mnist,ssb-v1-block,cnn,protocol-v3,0.8,16,2,2,49,0.0018052500090561807,0.004484540957491845,543145984,0.8671875
cd9874794b1129d3,fashion_mnist,ssb-v1-block,cnn,protocol-v3,0.8,16,2,2,50,0.0017912500188685954,0.0043720839894376695,543145984,0.8515625
cd9874794b1129d3,fashion_mnist,ssb-v1-block,cnn,protocol-v3,0.8,16,2,2,51,0.0017926659784279764,0.004354542004875839,543145984,0.796875
cd9874794b1129d3,fashion_mnist,ssb-v1-block,cnn,protocol-v3,0.8,16,2,2,52,0.0017389580025337636,0.00440941599663347,543145984,0.875
cd9874794b1129d3,fashion_mnist,ssb-v1-block,cnn,protocol-v3,0.8,16,2,2,53,0.0018192919669672847,0.004351291980128735,543145984,0.9140625
cd9874794b1129d3,fashion_mnist,ssb-v1-block,cnn,protocol-v3,0.8,16,2,2,54,0.0017939170356839895,0.00450158299645409,543145984,0.8828125
cd9874794b1129d3,fashion_mnist,ssb-v1-block,cnn,protocol-v3,0.8,16,2,2,55,0.0018060419824905694,0.004389624984469265,543145984,0.9296875
cd9874794b1129d3,fashion_mnist,ssb-v1-block,cnn,protocol-v3,0.8,16,2,2,56,0.001788749999832362,0.004417167045176029,543145984,0.8828125
cd9874794b1129d3,fashion_mnist,ssb-v1-block,cnn,protocol-v3,0.8,16,2,2,57,0.0018084999755956233,0.004497750021982938,543145984,0.921875
cd9874794b1129d3,fashion_mnist,ssb-v1-block,cnn,protocol-v3,0.8,16,2,2,58,0.001853208988904953,0.0043960000039078295,543145984,0.8359375
cd9874794b1129d3,fashion_mnist,ssb-v1-block,cnn,protocol-v3,0.8,16,2,2,59,0.0017474170308560133,0.004320540989283472,543162368,0.8828125
cd9874794b1129d3,fashion_mnist,ssb-v1-block,cnn,protocol-v3,0.8,16,2,2,60,0.001798124983906746,0.004468749975785613,543162368,0.8671875
cd9874794b1129d3,fashion_mnist,ssb-v1-block,cnn,protocol-v3,0.8,16,2,2,61,0.00180283299414441,0.0045012920163571835,543162368,0.90625
cd9874794b1129d3,fashion_mnist,ssb-v1-block,cnn,protocol-v3,0.8,16,2,2,62,0.0017962079728022218,0.00438850000500679,543162368,0.90625
cd9874794b1129d3,fashion_mnist,ssb-v1-block,cnn,protocol-v3,0.8,16,2,2,63,0.00180079200072214,0.004335917008575052,543162368,0.859375
cd9874794b1129d3,fashion_mnist,ssb-v1-block,cnn,protocol-v3,0.8,16,2,2,64,0.0017983340076170862,0.00447149999672547,543162368,0.9375
cd9874794b1129d3,fashion_mnist,ssb-v1-block,cnn,protocol-v3,0.8,16,2,2,65,0.0018590830150060356,0.004402291961014271,543162368,0.8359375
cd9874794b1129d3,fashion_mnist,ssb-v1-block,cnn,protocol-v3,0.8,16,2,2,66,0.001793834031559527,0.00449112500064075,543162368,0.890625
cd9874794b1129d3,fashion_mnist,ssb-v1-block,cnn,protocol-v3,0.8,16,2,2,67,0.0018501249724067748,0.004425458027981222,543162368,0.8828125
cd9874794b1129d3,fashion_mnist,ssb-v1-block,cnn,protocol-v3,0.8,16,2,2,68,0.0017101250123232603,0.00441783299902454,543162368,0.921875
cd9874794b1129d3,fashion_mnist,ssb-v1-block,cnn,protocol-v3,0.8,16,2,2,69,0.0018378750537522137,0.004313417011871934,543162368,0.8125
cd9874794b1129d3,fashion_mnist,ssb-v1-block,cnn,protocol-v3,0.8,16,2,2,70,0.0017668340005911887,0.004371999995782971,543162368,0.875
cd9874794b1129d3,fashion_mnist,ssb-v1-block,cnn,protocol-v3,0.8,16,2,2,71,0.001743541972246021,0.004401709011290222,543162368,0.859375
cd9874794b1129d3,fashion_mnist,ssb-v1-block,cnn,protocol-v3,0.8,16,2,2,72,0.0017864170367829502,0.004462040960788727,543162368,0.9140625
cd9874794b1129d3,fashion_mnist,ssb-v1-block,cnn,protocol-v3,0.8,16,2,2,73,0.0017972920322790742,0.004539749992545694,543162368,0.8515625
cd9874794b1129d3,fashion_mnist,ssb-v1-block,cnn,protocol-v3,0.8,16,2,2,74,0.0017119170515798032,0.004459834017325193,543162368,0.875
cd9874794b1129d3,fashion_mnist,ssb-v1-block,cnn,protocol-v3,0.8,16,2,2,75,0.0018349169986322522,0.0043101669871248305,543162368,0.8671875
cd9874794b1129d3,fashion_mnist,ssb-v1-block,cnn,protocol-v3,0.8,16,2,2,76,0.0018422499997541308,0.004318582999985665,543162368,0.890625
cd9874794b1129d3,fashion_mnist,ssb-v1-block,cnn,protocol-v3,0.8,16,2,2,77,0.0017054170020855963,0.004278167034499347,543162368,0.875
cd9874794b1129d3,fashion_mnist,ssb-v1-block,cnn,protocol-v3,0.8,16,2,2,78,0.0018510830122977495,0.0044662500149570405,543162368,0.875
cd9874794b1129d3,fashion_mnist,ssb-v1-block,cnn,protocol-v3,0.8,16,2,2,79,0.0018101250170730054,0.004540792026091367,543162368,0.8984375
cd9874794b1129d3,fashion_mnist,ssb-v1-block,cnn,protocol-v3,0.8,16,2,2,80,0.0017280419706366956,0.004309542011469603,543162368,0.8515625
cd9874794b1129d3,fashion_mnist,ssb-v1-block,cnn,protocol-v3,0.8,16,2,2,81,0.0017844579997472465,0.004549625038634986,543162368,0.8984375
cd9874794b1129d3,fashion_mnist,ssb-v1-block,cnn,protocol-v3,0.8,16,2,2,82,0.0017924999701790512,0.0044665419845841825,543162368,0.9296875
cd9874794b1129d3,fashion_mnist,ssb-v1-block,cnn,protocol-v3,0.8,16,2,2,83,0.001714541984256357,0.004489500017371029,543162368,0.8984375
cd9874794b1129d3,fashion_mnist,ssb-v1-block,cnn,protocol-v3,0.8,16,2,2,84,0.0017941250116564333,0.004487208963837475,543162368,0.8671875
cd9874794b1129d3,fashion_mnist,ssb-v1-block,cnn,protocol-v3,0.8,16,2,2,85,0.0018442919827066362,0.004423332982696593,543162368,0.890625
cd9874794b1129d3,fashion_mnist,ssb-v1-block,cnn,protocol-v3,0.8,16,2,2,86,0.0017306669615209103,0.004485499986913055,543178752,0.90625
cd9874794b1129d3,fashion_mnist,ssb-v1-block,cnn,protocol-v3,0.8,16,2,2,87,0.0018222919898107648,0.004451540997251868,543178752,0.875
cd9874794b1129d3,fashion_mnist,ssb-v1-block,cnn,protocol-v3,0.8,16,2,2,88,0.001799709047190845,0.0043362920405343175,543178752,0.921875
cd9874794b1129d3,fashion_mnist,ssb-v1-block,cnn,protocol-v3,0.8,16,2,2,89,0.0018550410168245435,0.004681334015913308,543178752,0.8984375
cd9874794b1129d3,fashion_mnist,ssb-v1-block,cnn,protocol-v3,0.8,16,2,2,90,0.001865917001850903,0.0046740000252611935,543178752,0.8671875
cd9874794b1129d3,fashion_mnist,ssb-v1-block,cnn,protocol-v3,0.8,16,2,2,91,0.0020200000144541264,0.004789584025274962,543178752,0.8828125
cd9874794b1129d3,fashion_mnist,ssb-v1-block,cnn,protocol-v3,0.8,16,2,2,92,0.00204137503169477,0.004991957976017147,543178752,0.9375
cd9874794b1129d3,fashion_mnist,ssb-v1-block,cnn,protocol-v3,0.8,16,2,2,93,0.002151666965801269,0.0051553749945014715,543178752,0.921875
cd9874794b1129d3,fashion_mnist,ssb-v1-block,cnn,protocol-v3,0.8,16,2,2,94,0.0025713330251164734,0.005907000042498112,543178752,0.84375
cd9874794b1129d3,fashion_mnist,ssb-v1-block,cnn,protocol-v3,0.8,16,2,2,95,0.002087291970383376,0.005172499979380518,543178752,0.8515625
cd9874794b1129d3,fashion_mnist,ssb-v1-block,cnn,protocol-v3,0.8,16,2,2,96,0.0019898750470019877,0.004770625033415854,543178752,0.90625
cd9874794b1129d3,fashion_mnist,ssb-v1-block,cnn,protocol-v3,0.8,16,2,2,97,0.0018953339895233512,0.004597166029270738,543195136,0.875
cd9874794b1129d3,fashion_mnist,ssb-v1-block,cnn,protocol-v3,0.8,16,2,2,98,0.0017412090091966093,0.0043554159929044545,543195136,0.90625
cd9874794b1129d3,fashion_mnist,ssb-v1-block,cnn,protocol-v3,0.8,16,2,2,99,0.0017160000279545784,0.004542124981526285,543195136,0.859375
cd9874794b1129d3,fashion_mnist,ssb-v1-block,cnn,protocol-v3,0.8,16,2,2,100,0.0017846670234575868,0.004525666998233646,543195136,0.875
cd9874794b1129d3,fashion_mnist,ssb-v1-block,cnn,protocol-v3,0.8,16,2,2,101,0.0018073329702019691,0.0044607919990085065,543195136,0.8203125
cd9874794b1129d3,fashion_mnist,ssb-v1-block,cnn,protocol-v3,0.8,16,2,2,102,0.001752167008817196,0.004514458996709436,543195136,0.8984375
cd9874794b1129d3,fashion_mnist,ssb-v1-block,cnn,protocol-v3,0.8,16,2,2,103,0.0018717499915510416,0.00424962502438575,543195136,0.8515625
cd9874794b1129d3,fashion_mnist,ssb-v1-block,cnn,protocol-v3,0.8,16,2,2,104,0.001810916990507394,0.004443709040060639,543195136,0.84375
cd9874794b1129d3,fashion_mnist,ssb-v1-block,cnn,protocol-v3,0.8,16,2,2,105,0.0017958750249817967,0.004492292006034404,543195136,0.90625
cd9874794b1129d3,fashion_mnist,ssb-v1-block,cnn,protocol-v3,0.8,16,2,2,106,0.0017944159917533398,0.004507208010181785,543195136,0.890625
cd9874794b1129d3,fashion_mnist,ssb-v1-block,cnn,protocol-v3,0.8,16,2,2,107,0.001857499999459833,0.004341625026427209,543195136,0.8515625
cd9874794b1129d3,fashion_mnist,ssb-v1-block,cnn,protocol-v3,0.8,16,2,2,108,0.0018064999603666365,0.004462749988306314,543195136,0.9140625
cd9874794b1129d3,fashion_mnist,ssb-v1-block,cnn,protocol-v3,0.8,16,2,2,109,0.0017487499862909317,0.004725832957774401,543195136,0.8984375
cd9874794b1129d3,fashion_mnist,ssb-v1-block,cnn,protocol-v3,0.8,16,2,2,110,0.0017802920192480087,0.004412208043504506,543211520,0.90625
cd9874794b1129d3,fashion_mnist,ssb-v1-block,cnn,protocol-v3,0.8,16,2,2,111,0.0017939169774763286,0.004512541985604912,543211520,0.875
cd9874794b1129d3,fashion_mnist,ssb-v1-block,cnn,protocol-v3,0.8,16,2,2,112,0.001788791036233306,0.004480790987145156,543211520,0.890625
cd9874794b1129d3,fashion_mnist,ssb-v1-block,cnn,protocol-v3,0.8,16,2,2,113,0.0017313339631073177,0.0044817920424975455,543211520,0.8671875
cd9874794b1129d3,fashion_mnist,ssb-v1-block,cnn,protocol-v3,0.8,16,2,2,114,0.0017960000550374389,0.004509457969106734,543211520,0.8828125
cd9874794b1129d3,fashion_mnist,ssb-v1-block,cnn,protocol-v3,0.8,16,2,2,115,0.001852041983511299,0.004449083004146814,543211520,0.875
cd9874794b1129d3,fashion_mnist,ssb-v1-block,cnn,protocol-v3,0.8,16,2,2,116,0.0017169999773614109,0.004321667016483843,543227904,0.8828125
cd9874794b1129d3,fashion_mnist,ssb-v1-block,cnn,protocol-v3,0.8,16,2,2,117,0.0018661670037545264,0.004352457995992154,543227904,0.90625
cd9874794b1129d3,fashion_mnist,ssb-v1-block,cnn,protocol-v3,0.8,16,2,2,118,0.0018682919908314943,0.004404917010106146,543227904,0.9296875
cd9874794b1129d3,fashion_mnist,ssb-v1-block,cnn,protocol-v3,0.8,16,2,2,119,0.0018690830329433084,0.00434304098598659,543227904,0.875
cd9874794b1129d3,fashion_mnist,ssb-v1-block,cnn,protocol-v3,0.8,16,2,2,120,0.001800999976694584,0.004337457998190075,543227904,0.8828125
cd9874794b1129d3,fashion_mnist,ssb-v1-block,cnn,protocol-v3,0.8,16,2,2,121,0.0018094999832101166,0.004488999955356121,543227904,0.9140625
cd9874794b1129d3,fashion_mnist,ssb-v1-block,cnn,protocol-v3,0.8,16,2,2,122,0.0017954999930225313,0.004468000028282404,543227904,0.90625
cd9874794b1129d3,fashion_mnist,ssb-v1-block,cnn,protocol-v3,0.8,16,2,2,123,0.0018502920283935964,0.004572792036924511,543227904,0.875
cd9874794b1129d3,fashion_mnist,ssb-v1-block,cnn,protocol-v3,0.8,16,2,2,124,0.0017268340452574193,0.004236583015881479,543227904,0.8984375
cd9874794b1129d3,fashion_mnist,ssb-v1-block,cnn,protocol-v3,0.8,16,2,2,125,0.0017239159788005054,0.004568042000755668,543227904,0.90625
cd9874794b1129d3,fashion_mnist,ssb-v1-block,cnn,protocol-v3,0.8,16,2,2,126,0.0017947500455193222,0.004453083034604788,543227904,0.875
cd9874794b1129d3,fashion_mnist,ssb-v1-block,cnn,protocol-v3,0.8,16,2,2,127,0.0018853750079870224,0.004505208984483033,543244288,0.859375
cd9874794b1129d3,fashion_mnist,ssb-v1-block,cnn,protocol-v3,0.8,16,2,2,128,0.0017978750402107835,0.004478749993722886,543244288,0.859375
cd9874794b1129d3,fashion_mnist,ssb-v1-block,cnn,protocol-v3,0.8,16,2,2,129,0.0017886669957078993,0.004379417048767209,543244288,0.8671875
cd9874794b1129d3,fashion_mnist,ssb-v1-block,cnn,protocol-v3,0.8,16,2,2,130,0.0017300419858656824,0.004318874969612807,543260672,0.8984375
cd9874794b1129d3,fashion_mnist,ssb-v1-block,cnn,protocol-v3,0.8,16,2,2,131,0.0017548330361023545,0.0044705410255119205,543277056,0.921875
cd9874794b1129d3,fashion_mnist,ssb-v1-block,cnn,protocol-v3,0.8,16,2,2,132,0.0017281250329688191,0.004333042015787214,543277056,0.8828125
cd9874794b1129d3,fashion_mnist,ssb-v1-block,cnn,protocol-v3,0.8,16,2,2,133,0.0017750000115484,0.004475999972783029,543277056,0.8984375
cd9874794b1129d3,fashion_mnist,ssb-v1-block,cnn,protocol-v3,0.8,16,2,2,134,0.0018653339939191937,0.004400625010021031,543277056,0.921875
cd9874794b1129d3,fashion_mnist,ssb-v1-block,cnn,protocol-v3,0.8,16,2,2,135,0.001801125006750226,0.004319833999034017,543277056,0.90625
cd9874794b1129d3,fashion_mnist,ssb-v1-block,cnn,protocol-v3,0.8,16,2,2,136,0.0017745409859344363,0.0044694579555653036,543277056,0.890625
cd9874794b1129d3,fashion_mnist,ssb-v1-block,cnn,protocol-v3,0.8,16,2,2,137,0.001853833964560181,0.00434608303476125,543277056,0.90625
cd9874794b1129d3,fashion_mnist,ssb-v1-block,cnn,protocol-v3,0.8,16,2,2,138,0.0017975829541683197,0.004410207970067859,543277056,0.8828125
cd9874794b1129d3,fashion_mnist,ssb-v1-block,cnn,protocol-v3,0.8,16,2,2,139,0.001748999988194555,0.004393542010802776,543277056,0.9140625
cd9874794b1129d3,fashion_mnist,ssb-v1-block,cnn,protocol-v3,0.8,16,2,2,140,0.0018167500384151936,0.0045020420220680535,543277056,0.8828125
cd9874794b1129d3,fashion_mnist,ssb-v1-block,cnn,protocol-v3,0.8,16,2,2,141,0.0017994160298258066,0.004537916975095868,543293440,0.90625
cd9874794b1129d3,fashion_mnist,ssb-v1-block,cnn,protocol-v3,0.8,16,2,2,142,0.0018477910198271275,0.0044433329603634775,543293440,0.8359375
cd9874794b1129d3,fashion_mnist,ssb-v1-block,cnn,protocol-v3,0.8,16,2,2,143,0.0018527090433053672,0.0043815409881062806,543293440,0.890625
cd9874794b1129d3,fashion_mnist,ssb-v1-block,cnn,protocol-v3,0.8,16,2,2,144,0.0017397910123690963,0.0043511249823495746,543293440,0.8828125
cd9874794b1129d3,fashion_mnist,ssb-v1-block,cnn,protocol-v3,0.8,16,2,2,145,0.0017377080512233078,0.004489250015467405,543293440,0.8984375
cd9874794b1129d3,fashion_mnist,ssb-v1-block,cnn,protocol-v3,0.8,16,2,2,146,0.0018073340179398656,0.004590124997776002,543293440,0.9296875
cd9874794b1129d3,fashion_mnist,ssb-v1-block,cnn,protocol-v3,0.8,16,2,2,147,0.0018052500090561807,0.00448291702196002,543293440,0.9140625
cd9874794b1129d3,fashion_mnist,ssb-v1-block,cnn,protocol-v3,0.8,16,2,2,148,0.0018576669972389936,0.00444591703126207,543293440,0.8984375
cd9874794b1129d3,fashion_mnist,ssb-v1-block,cnn,protocol-v3,0.8,16,2,2,149,0.0019338330021128058,0.004360041988547891,543293440,0.8671875
cd9874794b1129d3,fashion_mnist,ssb-v1-block,cnn,protocol-v3,0.8,16,2,2,150,0.0017886250279843807,0.004439999989699572,543293440,0.890625
cd9874794b1129d3,fashion_mnist,ssb-v1-block,cnn,protocol-v3,0.8,16,2,2,151,0.001796750002540648,0.0044393339776434,543309824,0.8828125
cd9874794b1129d3,fashion_mnist,ssb-v1-block,cnn,protocol-v3,0.8,16,2,2,152,0.0017962499987334013,0.004446959006600082,543309824,0.890625
cd9874794b1129d3,fashion_mnist,ssb-v1-block,cnn,protocol-v3,0.8,16,2,2,153,0.0018313750042580068,0.004418333992362022,543309824,0.890625
cd9874794b1129d3,fashion_mnist,ssb-v1-block,cnn,protocol-v3,0.8,16,2,2,154,0.0018472910160198808,0.004415791016072035,543309824,0.8984375
cd9874794b1129d3,fashion_mnist,ssb-v1-block,cnn,protocol-v3,0.8,16,2,2,155,0.0017278749728575349,0.004355458950158209,543309824,0.8984375
cd9874794b1129d3,fashion_mnist,ssb-v1-block,cnn,protocol-v3,0.8,16,2,2,156,0.0017445830162614584,0.004482249962165952,543309824,0.875
cd9874794b1129d3,fashion_mnist,ssb-v1-block,cnn,protocol-v3,0.8,16,2,2,157,0.0018074160325340927,0.004371166985947639,543326208,0.890625
cd9874794b1129d3,fashion_mnist,ssb-v1-block,cnn,protocol-v3,0.8,16,2,2,158,0.001785208994988352,0.004502916999626905,543326208,0.9296875
cd9874794b1129d3,fashion_mnist,ssb-v1-block,cnn,protocol-v3,0.8,16,2,2,159,0.0017948329914361238,0.004355999990366399,543326208,0.875
cd9874794b1129d3,fashion_mnist,ssb-v1-block,cnn,protocol-v3,0.8,16,2,2,160,0.0018620420014485717,0.0042671660194173455,543326208,0.9140625
cd9874794b1129d3,fashion_mnist,ssb-v1-block,cnn,protocol-v3,0.8,16,2,2,161,0.001867624989245087,0.004353458003606647,543326208,0.8671875
cd9874794b1129d3,fashion_mnist,ssb-v1-block,cnn,protocol-v3,0.8,16,2,2,162,0.0018504589679650962,0.004383457999210805,543326208,0.921875
cd9874794b1129d3,fashion_mnist,ssb-v1-block,cnn,protocol-v3,0.8,16,2,2,163,0.0017383749946020544,0.004403041966725141,543326208,0.890625
cd9874794b1129d3,fashion_mnist,ssb-v1-block,cnn,protocol-v3,0.8,16,2,2,164,0.0017827500123530626,0.004228624980896711,543326208,0.9140625
cd9874794b1129d3,fashion_mnist,ssb-v1-block,cnn,protocol-v3,0.8,16,2,2,165,0.0017928750021383166,0.00439445796655491,543326208,0.859375
cd9874794b1129d3,fashion_mnist,ssb-v1-block,cnn,protocol-v3,0.8,16,2,2,166,0.0018000000272877514,0.004421624995302409,543326208,0.8828125
cd9874794b1129d3,fashion_mnist,ssb-v1-block,cnn,protocol-v3,0.8,16,2,2,167,0.001857916999142617,0.004545625008177012,543326208,0.8984375
cd9874794b1129d3,fashion_mnist,ssb-v1-block,cnn,protocol-v3,0.8,16,2,2,168,0.0018525420455262065,0.004396374977659434,543326208,0.8203125
cd9874794b1129d3,fashion_mnist,ssb-v1-block,cnn,protocol-v3,0.8,16,2,2,169,0.0017448330181650817,0.004423957958351821,543326208,0.828125
cd9874794b1129d3,fashion_mnist,ssb-v1-block,cnn,protocol-v3,0.8,16,2,2,170,0.0017350830021314323,0.0044512919848784804,543342592,0.8984375
cd9874794b1129d3,fashion_mnist,ssb-v1-block,cnn,protocol-v3,0.8,16,2,2,171,0.0017398749478161335,0.0042697080061770976,543342592,0.84375
cd9874794b1129d3,fashion_mnist,ssb-v1-block,cnn,protocol-v3,0.8,16,2,2,172,0.0017777920002117753,0.004487917001824826,543342592,0.8828125
cd9874794b1129d3,fashion_mnist,ssb-v1-block,cnn,protocol-v3,0.8,16,2,2,173,0.0018042090232484043,0.004503540985751897,543342592,0.875
cd9874794b1129d3,fashion_mnist,ssb-v1-block,cnn,protocol-v3,0.8,16,2,2,174,0.0017964579747058451,0.004607542010489851,543342592,0.90625
cd9874794b1129d3,fashion_mnist,ssb-v1-block,cnn,protocol-v3,0.8,16,2,2,175,0.0018437079852446914,0.004306749964598566,543342592,0.859375
cd9874794b1129d3,fashion_mnist,ssb-v1-block,cnn,protocol-v3,0.8,16,2,2,176,0.0018484590109437704,0.004409374960232526,543358976,0.9296875
cd9874794b1129d3,fashion_mnist,ssb-v1-block,cnn,protocol-v3,0.8,16,2,2,177,0.00178620801307261,0.004591417033225298,543358976,0.8515625
cd9874794b1129d3,fashion_mnist,ssb-v1-block,cnn,protocol-v3,0.8,16,2,2,178,0.0017925410065799952,0.004430790955666453,543358976,0.8984375
cd9874794b1129d3,fashion_mnist,ssb-v1-block,cnn,protocol-v3,0.8,16,2,2,179,0.0017982079880312085,0.004446749982889742,543375360,0.8984375
cd9874794b1129d3,fashion_mnist,ssb-v1-block,cnn,protocol-v3,0.8,16,2,2,180,0.001785915985237807,0.004476749978493899,543375360,0.8828125
cd9874794b1129d3,fashion_mnist,ssb-v1-block,cnn,protocol-v3,0.8,16,2,2,181,0.0017915840144269168,0.004529249970801175,543375360,0.8828125
cd9874794b1129d3,fashion_mnist,ssb-v1-block,cnn,protocol-v3,0.8,16,2,2,182,0.001849624968599528,0.00440437498036772,543375360,0.84375
cd9874794b1129d3,fashion_mnist,ssb-v1-block,cnn,protocol-v3,0.8,16,2,2,183,0.0017864590045064688,0.00434195896377787,543375360,0.8828125
cd9874794b1129d3,fashion_mnist,ssb-v1-block,cnn,protocol-v3,0.8,16,2,2,184,0.0017975829541683197,0.004541000002063811,543375360,0.8828125
cd9874794b1129d3,fashion_mnist,ssb-v1-block,cnn,protocol-v3,0.8,16,2,2,185,0.001801833976060152,0.004301999986637384,543375360,0.84375
cd9874794b1129d3,fashion_mnist,ssb-v1-block,cnn,protocol-v3,0.8,16,2,2,186,0.0017823330126702785,0.004481750016566366,543375360,0.8515625
cd9874794b1129d3,fashion_mnist,ssb-v1-block,cnn,protocol-v3,0.8,16,2,2,187,0.0017929159803315997,0.004542457987554371,543375360,0.8984375
cd9874794b1129d3,fashion_mnist,ssb-v1-block,cnn,protocol-v3,0.8,16,2,2,188,0.0018469580099917948,0.00436270801583305,543375360,0.90625
cd9874794b1129d3,fashion_mnist,ssb-v1-block,cnn,protocol-v3,0.8,16,2,2,189,0.001734958030283451,0.004352750023826957,543375360,0.875
cd9874794b1129d3,fashion_mnist,ssb-v1-block,cnn,protocol-v3,0.8,16,2,2,190,0.0017647090135142207,0.0042953339871019125,543375360,0.8671875
cd9874794b1129d3,fashion_mnist,ssb-v1-block,cnn,protocol-v3,0.8,16,2,2,191,0.001730915973894298,0.004370832990389317,543375360,0.8671875
cd9874794b1129d3,fashion_mnist,ssb-v1-block,cnn,protocol-v3,0.8,16,2,2,192,0.001792500028386712,0.004505457996856421,543391744,0.9375
cd9874794b1129d3,fashion_mnist,ssb-v1-block,cnn,protocol-v3,0.8,16,2,2,193,0.0017324159853160381,0.00450774998171255,543391744,0.8984375
cd9874794b1129d3,fashion_mnist,ssb-v1-block,cnn,protocol-v3,0.8,16,2,2,194,0.0017879160004667938,0.004401083977427334,543408128,0.8828125
cd9874794b1129d3,fashion_mnist,ssb-v1-block,cnn,protocol-v3,0.8,16,2,2,195,0.0018388329772278666,0.004406250023748726,543408128,0.8515625
cd9874794b1129d3,fashion_mnist,ssb-v1-block,cnn,protocol-v3,0.8,16,2,2,196,0.0018427500035613775,0.004435540991835296,543408128,0.84375
cd9874794b1129d3,fashion_mnist,ssb-v1-block,cnn,protocol-v3,0.8,16,2,2,197,0.0017969589680433273,0.004228083009365946,543408128,0.8828125
cd9874794b1129d3,fashion_mnist,ssb-v1-block,cnn,protocol-v3,0.8,16,2,2,198,0.0017336249584332108,0.004476208006963134,543408128,0.890625
cd9874794b1129d3,fashion_mnist,ssb-v1-block,cnn,protocol-v3,0.8,16,2,2,199,0.0018600000184960663,0.004440790973603725,543408128,0.921875
cd9874794b1129d3,fashion_mnist,ssb-v1-block,cnn,protocol-v3,0.8,16,2,2,200,0.0017980830161832273,0.004427500010933727,543408128,0.8203125
cd9874794b1129d3,fashion_mnist,ssb-v1-block,cnn,protocol-v3,0.8,16,2,2,201,0.00179462501546368,0.004352583026047796,543408128,0.8984375
cd9874794b1129d3,fashion_mnist,ssb-v1-block,cnn,protocol-v3,0.8,16,2,2,202,0.0017995000234805048,0.004510917002335191,543408128,0.8828125
cd9874794b1129d3,fashion_mnist,ssb-v1-block,cnn,protocol-v3,0.8,16,2,2,203,0.0018430000054650009,0.004374374984763563,543408128,0.8671875
cd9874794b1129d3,fashion_mnist,ssb-v1-block,cnn,protocol-v3,0.8,16,2,2,204,0.001846417027991265,0.004393333045300096,543424512,0.890625
cd9874794b1129d3,fashion_mnist,ssb-v1-block,cnn,protocol-v3,0.8,16,2,2,205,0.0017942499835044146,0.004447000043001026,543424512,0.890625
cd9874794b1129d3,fashion_mnist,ssb-v1-block,cnn,protocol-v3,0.8,16,2,2,206,0.0017817080370150506,0.004450833017472178,543424512,0.84375
cd9874794b1129d3,fashion_mnist,ssb-v1-block,cnn,protocol-v3,0.8,16,2,2,207,0.0017980000120587647,0.004440332995727658,543424512,0.8828125
cd9874794b1129d3,fashion_mnist,ssb-v1-block,cnn,protocol-v3,0.8,16,2,2,208,0.001791291986592114,0.004608209012076259,543440896,0.8984375
cd9874794b1129d3,fashion_mnist,ssb-v1-block,cnn,protocol-v3,0.8,16,2,2,209,0.0018509170040488243,0.00432120799086988,543440896,0.890625
cd9874794b1129d3,fashion_mnist,ssb-v1-block,cnn,protocol-v3,0.8,16,2,2,210,0.001739167026244104,0.004376708006020635,543440896,0.90625
cd9874794b1129d3,fashion_mnist,ssb-v1-block,cnn,protocol-v3,0.8,16,2,2,211,0.0017331669805571437,0.004275291052181274,543440896,0.8984375
cd9874794b1129d3,fashion_mnist,ssb-v1-block,cnn,protocol-v3,0.8,16,2,2,212,0.0017416669870726764,0.004308958014007658,543440896,0.8515625
cd9874794b1129d3,fashion_mnist,ssb-v1-block,cnn,protocol-v3,0.8,16,2,2,213,0.0018687500269152224,0.004367999965324998,543440896,0.890625
cd9874794b1129d3,fashion_mnist,ssb-v1-block,cnn,protocol-v3,0.8,16,2,2,214,0.0017981669516302645,0.004398667020723224,543457280,0.8828125
cd9874794b1129d3,fashion_mnist,ssb-v1-block,cnn,protocol-v3,0.8,16,2,2,215,0.0017912909970618784,0.004420750017743558,543457280,0.8515625
cd9874794b1129d3,fashion_mnist,ssb-v1-block,cnn,protocol-v3,0.8,16,2,2,216,0.0017865000409074128,0.004392166971229017,543457280,0.8671875
cd9874794b1129d3,fashion_mnist,ssb-v1-block,cnn,protocol-v3,0.8,16,2,2,217,0.0018588329548947513,0.004435624985489994,543457280,0.875
cd9874794b1129d3,fashion_mnist,ssb-v1-block,cnn,protocol-v3,0.8,16,2,2,218,0.0017774580046534538,0.004463958030100912,543457280,0.9140625
cd9874794b1129d3,fashion_mnist,ssb-v1-block,cnn,protocol-v3,0.8,16,2,2,219,0.0017462910036556423,0.0041523329564370215,543457280,0.9140625
cd9874794b1129d3,fashion_mnist,ssb-v1-block,cnn,protocol-v3,0.8,16,2,2,220,0.0017880420200526714,0.004410749999806285,543457280,0.9140625
cd9874794b1129d3,fashion_mnist,ssb-v1-block,cnn,protocol-v3,0.8,16,2,2,221,0.0017946659936569631,0.004498124995734543,543457280,0.90625
cd9874794b1129d3,fashion_mnist,ssb-v1-block,cnn,protocol-v3,0.8,16,2,2,222,0.00180079200072214,0.00449112500064075,543457280,0.9140625
cd9874794b1129d3,fashion_mnist,ssb-v1-block,cnn,protocol-v3,0.8,16,2,2,223,0.001804416999220848,0.004354166041593999,543457280,0.8828125
cd9874794b1129d3,fashion_mnist,ssb-v1-block,cnn,protocol-v3,0.8,16,2,2,224,0.0017935410141944885,0.004633624979760498,543473664,0.8671875
cd9874794b1129d3,fashion_mnist,ssb-v1-block,cnn,protocol-v3,0.8,16,2,2,225,0.001791666029021144,0.004276791994925588,543473664,0.921875
cd9874794b1129d3,fashion_mnist,ssb-v1-block,cnn,protocol-v3,0.8,16,2,2,226,0.0017867499846033752,0.0044495409820228815,543473664,0.9375
cd9874794b1129d3,fashion_mnist,ssb-v1-block,cnn,protocol-v3,0.8,16,2,2,227,0.0017912500188685954,0.004569166980218142,543473664,0.8515625
cd9874794b1129d3,fashion_mnist,ssb-v1-block,cnn,protocol-v3,0.8,16,2,2,228,0.0017741670017130673,0.004451457993127406,543473664,0.8984375
cd9874794b1129d3,fashion_mnist,ssb-v1-block,cnn,protocol-v3,0.8,16,2,2,229,0.0019132079905830324,0.004512165964115411,543473664,0.8671875
cd9874794b1129d3,fashion_mnist,ssb-v1-block,cnn,protocol-v3,0.8,16,2,2,230,0.0018483329913578928,0.00429874996189028,543473664,0.890625
cd9874794b1129d3,fashion_mnist,ssb-v1-block,cnn,protocol-v3,0.8,16,2,2,231,0.00184599997010082,0.00447991699911654,543473664,0.875
cd9874794b1129d3,fashion_mnist,ssb-v1-block,cnn,protocol-v3,0.8,16,2,2,232,0.0018090420053340495,0.004414250026457012,543490048,0.84375
cd9874794b1129d3,fashion_mnist,ssb-v1-block,cnn,protocol-v3,0.8,16,2,2,233,0.0017991249915212393,0.004389957990497351,543490048,0.875
cd9874794b1129d3,fashion_mnist,ssb-v1-block,cnn,protocol-v3,0.8,16,2,2,234,0.001773958036210388,0.004482417018152773,543506432,0.90625
cd9874794b1129d3,fashion_mnist,ssb-v1-block,cnn,protocol-v3,0.8,16,2,2,235,0.0017948329914361238,0.004555916995741427,543506432,0.8671875
cd9874794b1129d3,fashion_mnist,ssb-v1-block,cnn,protocol-v3,0.8,16,2,2,236,0.0018418749677948654,0.004486291960347444,543522816,0.8984375
cd9874794b1129d3,fashion_mnist,ssb-v1-block,cnn,protocol-v3,0.8,16,2,2,237,0.0018465419998392463,0.004493832995649427,543522816,0.9375
cd9874794b1129d3,fashion_mnist,ssb-v1-block,cnn,protocol-v3,0.8,16,2,2,238,0.0017687499639578164,0.004425749997608364,543522816,0.875
cd9874794b1129d3,fashion_mnist,ssb-v1-block,cnn,protocol-v3,0.8,16,2,2,239,0.001784791995305568,0.004480417002923787,543522816,0.875
cd9874794b1129d3,fashion_mnist,ssb-v1-block,cnn,protocol-v3,0.8,16,2,2,240,0.001794583979062736,0.004322291992139071,543522816,0.9140625
cd9874794b1129d3,fashion_mnist,ssb-v1-block,cnn,protocol-v3,0.8,16,2,2,241,0.001772875024471432,0.004406041000038385,543522816,0.9375
cd9874794b1129d3,fashion_mnist,ssb-v1-block,cnn,protocol-v3,0.8,16,2,2,242,0.0018414999940432608,0.004582792054861784,543522816,0.9375
cd9874794b1129d3,fashion_mnist,ssb-v1-block,cnn,protocol-v3,0.8,16,2,2,243,0.001861208991613239,0.004330832976847887,543522816,0.84375
cd9874794b1129d3,fashion_mnist,ssb-v1-block,cnn,protocol-v3,0.8,16,2,2,244,0.0017436669440940022,0.004261624999344349,543522816,0.875
cd9874794b1129d3,fashion_mnist,ssb-v1-block,cnn,protocol-v3,0.8,16,2,2,245,0.0017556250095367432,0.004413667018525302,543522816,0.90625
cd9874794b1129d3,fashion_mnist,ssb-v1-block,cnn,protocol-v3,0.8,16,2,2,246,0.0017882909742183983,0.004268791992217302,543522816,0.859375
cd9874794b1129d3,fashion_mnist,ssb-v1-block,cnn,protocol-v3,0.8,16,2,2,247,0.0018034999957308173,0.0044437909964472055,543522816,0.9296875
cd9874794b1129d3,fashion_mnist,ssb-v1-block,cnn,protocol-v3,0.8,16,2,2,248,0.0017173750093206763,0.0046587910037487745,543539200,0.84375
cd9874794b1129d3,fashion_mnist,ssb-v1-block,cnn,protocol-v3,0.8,16,2,2,249,0.0018031669897027314,0.004562416987027973,543539200,0.8828125
cd9874794b1129d3,fashion_mnist,ssb-v1-block,cnn,protocol-v3,0.8,16,2,2,250,0.0018357080407440662,0.00453933299286291,543555584,0.890625
cd9874794b1129d3,fashion_mnist,ssb-v1-block,cnn,protocol-v3,0.8,16,2,2,251,0.0018431670032441616,0.004373750009108335,543555584,0.90625
cd9874794b1129d3,fashion_mnist,ssb-v1-block,cnn,protocol-v3,0.8,16,2,2,252,0.0017794580198824406,0.0044593330239877105,543555584,0.890625
cd9874794b1129d3,fashion_mnist,ssb-v1-block,cnn,protocol-v3,0.8,16,2,2,253,0.0017869999865069985,0.00457112502772361,543555584,0.9296875
cd9874794b1129d3,fashion_mnist,ssb-v1-block,cnn,protocol-v3,0.8,16,2,2,254,0.00179312500404194,0.004483791999518871,543555584,0.875
cd9874794b1129d3,fashion_mnist,ssb-v1-block,cnn,protocol-v3,0.8,16,2,2,255,0.0018027090118266642,0.0042880839901044965,543555584,0.8671875
cd9874794b1129d3,fashion_mnist,ssb-v1-block,cnn,protocol-v3,0.8,16,2,2,256,0.0017862499807961285,0.004396250005811453,543555584,0.875
cd9874794b1129d3,fashion_mnist,ssb-v1-block,cnn,protocol-v3,0.8,16,2,2,257,0.0017479999805800617,0.004465374979190528,543555584,0.890625
cd9874794b1129d3,fashion_mnist,ssb-v1-block,cnn,protocol-v3,0.8,16,2,2,258,0.001713625038973987,0.004433333000633866,543588352,0.90625
cd9874794b1129d3,fashion_mnist,ssb-v1-block,cnn,protocol-v3,0.8,16,2,2,259,0.0017935840296559036,0.004230499966070056,543588352,0.875
cd9874794b1129d3,fashion_mnist,ssb-v1-block,cnn,protocol-v3,0.8,16,2,2,260,0.0018605840159580112,0.004278125008568168,543588352,0.8671875
cd9874794b1129d3,fashion_mnist,ssb-v1-block,cnn,protocol-v3,0.8,16,2,2,261,0.0017738330061547458,0.004220166010782123,543588352,0.9140625
cd9874794b1129d3,fashion_mnist,ssb-v1-block,cnn,protocol-v3,0.8,16,2,2,262,0.00177575001725927,0.004557124979328364,543588352,0.84375
cd9874794b1129d3,fashion_mnist,ssb-v1-block,cnn,protocol-v3,0.8,16,2,2,263,0.0017903340049088001,0.004250792029779404,543588352,0.890625
cd9874794b1129d3,fashion_mnist,ssb-v1-block,cnn,protocol-v3,0.8,16,2,2,264,0.0018447079928591847,0.004575333034154028,543588352,0.9296875
cd9874794b1129d3,fashion_mnist,ssb-v1-block,cnn,protocol-v3,0.8,16,2,2,265,0.0018262499943375587,0.004376541008241475,543588352,0.9296875
cd9874794b1129d3,fashion_mnist,ssb-v1-block,cnn,protocol-v3,0.8,16,2,2,266,0.0018172910204157233,0.004499750037211925,543588352,0.828125
cd9874794b1129d3,fashion_mnist,ssb-v1-block,cnn,protocol-v3,0.8,16,2,2,267,0.0018052079831250012,0.0044133340124972165,543604736,0.8984375
cd9874794b1129d3,fashion_mnist,ssb-v1-block,cnn,protocol-v3,0.8,16,2,2,268,0.0017830830183811486,0.004357082943897694,543621120,0.890625
cd9874794b1129d3,fashion_mnist,ssb-v1-block,cnn,protocol-v3,0.8,16,2,2,269,0.0017863750108517706,0.004537500033620745,543621120,0.90625
cd9874794b1129d3,fashion_mnist,ssb-v1-block,cnn,protocol-v3,0.8,16,2,2,270,0.00184599997010082,0.004463833989575505,543621120,0.8671875
cd9874794b1129d3,fashion_mnist,ssb-v1-block,cnn,protocol-v3,0.8,16,2,2,271,0.0017854580073617399,0.004384542000479996,543621120,0.8828125
cd9874794b1129d3,fashion_mnist,ssb-v1-block,cnn,protocol-v3,0.8,16,2,2,272,0.0018463340238668025,0.0044434170122258365,543621120,0.8984375
cd9874794b1129d3,fashion_mnist,ssb-v1-block,cnn,protocol-v3,0.8,16,2,2,273,0.001845250022597611,0.00432416598778218,543621120,0.9140625
cd9874794b1129d3,fashion_mnist,ssb-v1-block,cnn,protocol-v3,0.8,16,2,2,274,0.0018566249636933208,0.004330625000875443,543621120,0.8671875
cd9874794b1129d3,fashion_mnist,ssb-v1-block,cnn,protocol-v3,0.8,16,2,2,275,0.0018360830144956708,0.004432958026882261,543621120,0.828125
cd9874794b1129d3,fashion_mnist,ssb-v1-block,cnn,protocol-v3,0.8,16,2,2,276,0.0018459169659763575,0.00442549999570474,543637504,0.890625
cd9874794b1129d3,fashion_mnist,ssb-v1-block,cnn,protocol-v3,0.8,16,2,2,277,0.0017357909819111228,0.004168290994130075,543637504,0.9140625
cd9874794b1129d3,fashion_mnist,ssb-v1-block,cnn,protocol-v3,0.8,16,2,2,278,0.001816582982428372,0.004298790998291224,543637504,0.9453125
cd9874794b1129d3,fashion_mnist,ssb-v1-block,cnn,protocol-v3,0.8,16,2,2,279,0.0017384589882567525,0.0043408749625086784,543637504,0.921875
cd9874794b1129d3,fashion_mnist,ssb-v1-block,cnn,protocol-v3,0.8,16,2,2,280,0.0018312920001335442,0.004257542022969574,543637504,0.8359375
cd9874794b1129d3,fashion_mnist,ssb-v1-block,cnn,protocol-v3,0.8,16,2,2,281,0.001797458971850574,0.004498833033721894,543637504,0.8828125
cd9874794b1129d3,fashion_mnist,ssb-v1-block,cnn,protocol-v3,0.8,16,2,2,282,0.0018053330131806433,0.004326291964389384,543653888,0.90625
cd9874794b1129d3,fashion_mnist,ssb-v1-block,cnn,protocol-v3,0.8,16,2,2,283,0.0018009580089710653,0.004496415960602462,543653888,0.859375
cd9874794b1129d3,fashion_mnist,ssb-v1-block,cnn,protocol-v3,0.8,16,2,2,284,0.001826499996241182,0.004372583993244916,543653888,0.9140625
cd9874794b1129d3,fashion_mnist,ssb-v1-block,cnn,protocol-v3,0.8,16,2,2,285,0.0018549580127000809,0.004542999959085137,543653888,0.9140625
cd9874794b1129d3,fashion_mnist,ssb-v1-block,cnn,protocol-v3,0.8,16,2,2,286,0.0017124160076491535,0.004244917014148086,543670272,0.875
cd9874794b1129d3,fashion_mnist,ssb-v1-block,cnn,protocol-v3,0.8,16,2,2,287,0.001732708013150841,0.004431665991432965,543670272,0.890625
cd9874794b1129d3,fashion_mnist,ssb-v1-block,cnn,protocol-v3,0.8,16,2,2,288,0.001796333002857864,0.00440591701772064,543670272,0.8984375
cd9874794b1129d3,fashion_mnist,ssb-v1-block,cnn,protocol-v3,0.8,16,2,2,289,0.0017756670131348073,0.004351541982032359,543670272,0.875
cd9874794b1129d3,fashion_mnist,ssb-v1-block,cnn,protocol-v3,0.8,16,2,2,290,0.0017786670359782875,0.004446916980668902,543670272,0.8515625
cd9874794b1129d3,fashion_mnist,ssb-v1-block,cnn,protocol-v3,0.8,16,2,2,291,0.0018570829997770488,0.004539374960586429,543670272,0.8359375
cd9874794b1129d3,fashion_mnist,ssb-v1-block,cnn,protocol-v3,0.8,16,2,2,292,0.0018029579659923911,0.004452167020644993,543670272,0.9140625
cd9874794b1129d3,fashion_mnist,ssb-v1-block,cnn,protocol-v3,0.8,16,2,2,293,0.0018468330381438136,0.004320249950978905,543686656,0.9375
cd9874794b1129d3,fashion_mnist,ssb-v1-block,cnn,protocol-v3,0.8,16,2,2,294,0.0017082500271499157,0.004310125019401312,543686656,0.828125
cd9874794b1129d3,fashion_mnist,ssb-v1-block,cnn,protocol-v3,0.8,16,2,2,295,0.001789500005543232,0.004442790988832712,543686656,0.9140625
cd9874794b1129d3,fashion_mnist,ssb-v1-block,cnn,protocol-v3,0.8,16,2,2,296,0.001765916997101158,0.004465457983314991,543686656,0.9140625
cd9874794b1129d3,fashion_mnist,ssb-v1-block,cnn,protocol-v3,0.8,16,2,2,297,0.0017974579823203385,0.004427500010933727,543686656,0.90625
cd9874794b1129d3,fashion_mnist,ssb-v1-block,cnn,protocol-v3,0.8,16,2,2,298,0.001793542003724724,0.004292208002880216,543686656,0.78125
cd9874794b1129d3,fashion_mnist,ssb-v1-block,cnn,protocol-v3,0.8,16,2,2,299,0.0017845830298028886,0.004467417020350695,543686656,0.8984375
cd9874794b1129d3,fashion_mnist,ssb-v1-block,cnn,protocol-v3,0.8,16,2,2,300,0.0017900420352816582,0.004463459015823901,543686656,0.9453125
cd9874794b1129d3,fashion_mnist,ssb-v1-block,cnn,protocol-v3,0.8,16,2,2,301,0.0017817909829318523,0.004249957972206175,543686656,0.90625
cd9874794b1129d3,fashion_mnist,ssb-v1-block,cnn,protocol-v3,0.8,16,2,2,302,0.0017866669804789126,0.004614999983459711,543686656,0.875
cd9874794b1129d3,fashion_mnist,ssb-v1-block,cnn,protocol-v3,0.8,16,2,2,303,0.0018595829606056213,0.004549458040855825,543686656,0.8984375
cd9874794b1129d3,fashion_mnist,ssb-v1-block,cnn,protocol-v3,0.8,16,2,2,304,0.0019201659597456455,0.004444834019523114,543686656,0.84375
cd9874794b1129d3,fashion_mnist,ssb-v1-block,cnn,protocol-v3,0.8,16,2,2,305,0.0019004169735126197,0.004621583968400955,543686656,0.8828125
cd9874794b1129d3,fashion_mnist,ssb-v1-block,cnn,protocol-v3,0.8,16,2,2,306,0.0018033749656751752,0.00460716598900035,543686656,0.8515625
cd9874794b1129d3,fashion_mnist,ssb-v1-block,cnn,protocol-v3,0.8,16,2,2,307,0.0018722909735515714,0.004489333019591868,543703040,0.90625
cd9874794b1129d3,fashion_mnist,ssb-v1-block,cnn,protocol-v3,0.8,16,2,2,308,0.0017517920350655913,0.004318541963584721,543703040,0.8671875
cd9874794b1129d3,fashion_mnist,ssb-v1-block,cnn,protocol-v3,0.8,16,2,2,309,0.0017512910417281091,0.004340957966633141,543703040,0.8515625
cd9874794b1129d3,fashion_mnist,ssb-v1-block,cnn,protocol-v3,0.8,16,2,2,310,0.0018672500154934824,0.004628749971743673,543703040,0.90625
cd9874794b1129d3,fashion_mnist,ssb-v1-block,cnn,protocol-v3,0.8,16,2,2,311,0.0017914160271175206,0.0044668749906122684,543703040,0.8828125
cd9874794b1129d3,fashion_mnist,ssb-v1-block,cnn,protocol-v3,0.8,16,2,2,312,0.0018017500406131148,0.004418125026859343,543703040,0.9140625
cd9874794b1129d3,fashion_mnist,ssb-v1-block,cnn,protocol-v3,0.8,16,2,2,313,0.0019619580125436187,0.004344333021435887,543703040,0.8828125
cd9874794b1129d3,fashion_mnist,ssb-v1-block,cnn,protocol-v3,0.8,16,2,2,314,0.0017879160004667938,0.004535874992143363,543703040,0.9140625
cd9874794b1129d3,fashion_mnist,ssb-v1-block,cnn,protocol-v3,0.8,16,2,2,315,0.0017463329713791609,0.004320124979130924,543703040,0.8828125
cd9874794b1129d3,fashion_mnist,ssb-v1-block,cnn,protocol-v3,0.8,16,2,2,316,0.0017865420086309314,0.004454542009625584,543703040,0.9140625
cd9874794b1129d3,fashion_mnist,ssb-v1-block,cnn,protocol-v3,0.8,16,2,2,317,0.0017931670299731195,0.004569500044453889,543719424,0.9296875
cd9874794b1129d3,fashion_mnist,ssb-v1-block,cnn,protocol-v3,0.8,16,2,2,318,0.0018533749971538782,0.004457583010662347,543719424,0.9296875
cd9874794b1129d3,fashion_mnist,ssb-v1-block,cnn,protocol-v3,0.8,16,2,2,319,0.001795249991118908,0.004388917004689574,543719424,0.9375
cd9874794b1129d3,fashion_mnist,ssb-v1-block,cnn,protocol-v3,0.8,16,2,2,320,0.0018006659811362624,0.004380541970022023,543719424,0.9296875
cd9874794b1129d3,fashion_mnist,ssb-v1-block,cnn,protocol-v3,0.8,16,2,2,321,0.0017235419945791364,0.004264041956048459,543735808,0.84375
cd9874794b1129d3,fashion_mnist,ssb-v1-block,cnn,protocol-v3,0.8,16,2,2,322,0.0017387089901603758,0.004474167013540864,543735808,0.859375
cd9874794b1129d3,fashion_mnist,ssb-v1-block,cnn,protocol-v3,0.8,16,2,2,323,0.001782541978172958,0.004344124987255782,543752192,0.90625
cd9874794b1129d3,fashion_mnist,ssb-v1-block,cnn,protocol-v3,0.8,16,2,2,324,0.001790208974853158,0.004408750042784959,543752192,0.8828125
cd9874794b1129d3,fashion_mnist,ssb-v1-block,cnn,protocol-v3,0.8,16,2,2,325,0.0017875419580377638,0.004504083015490323,543752192,0.8203125
cd9874794b1129d3,fashion_mnist,ssb-v1-block,cnn,protocol-v3,0.8,16,2,2,326,0.00180733302840963,0.004558041982818395,543752192,0.921875
cd9874794b1129d3,fashion_mnist,ssb-v1-block,cnn,protocol-v3,0.8,16,2,2,327,0.0018414169899187982,0.004221291979774833,543752192,0.9140625
cd9874794b1129d3,fashion_mnist,ssb-v1-block,cnn,protocol-v3,0.8,16,2,2,328,0.001844917016569525,0.004350457980763167,543752192,0.875
cd9874794b1129d3,fashion_mnist,ssb-v1-block,cnn,protocol-v3,0.8,16,2,2,329,0.0018027090118266642,0.004474667017348111,543752192,0.921875
cd9874794b1129d3,fashion_mnist,ssb-v1-block,cnn,protocol-v3,0.8,16,2,2,330,0.0017462919931858778,0.004385749984066933,543752192,0.8984375
cd9874794b1129d3,fashion_mnist,ssb-v1-block,cnn,protocol-v3,0.8,16,2,2,331,0.0018102499889209867,0.004411583999171853,543752192,0.890625
cd9874794b1129d3,fashion_mnist,ssb-v1-block,cnn,protocol-v3,0.8,16,2,2,332,0.0018034160020761192,0.004273915954399854,543752192,0.9453125
cd9874794b1129d3,fashion_mnist,ssb-v1-block,cnn,protocol-v3,0.8,16,2,2,333,0.0018139169551432133,0.004534375038929284,543752192,0.8515625
cd9874794b1129d3,fashion_mnist,ssb-v1-block,cnn,protocol-v3,0.8,16,2,2,334,0.001780125021468848,0.004352833959273994,543752192,0.9375
cd9874794b1129d3,fashion_mnist,ssb-v1-block,cnn,protocol-v3,0.8,16,2,2,335,0.0017379160271957517,0.004366957989986986,543752192,0.90625
cd9874794b1129d3,fashion_mnist,ssb-v1-block,cnn,protocol-v3,0.8,16,2,2,336,0.0017316670273430645,0.004276416962966323,543752192,0.90625
cd9874794b1129d3,fashion_mnist,ssb-v1-block,cnn,protocol-v3,0.8,16,2,2,337,0.0018041249713860452,0.004449333006050438,543752192,0.84375
cd9874794b1129d3,fashion_mnist,ssb-v1-block,cnn,protocol-v3,0.8,16,2,2,338,0.0017832500161603093,0.004450792039278895,543752192,0.9140625
cd9874794b1129d3,fashion_mnist,ssb-v1-block,cnn,protocol-v3,0.8,16,2,2,339,0.0018089159857481718,0.004616290971171111,543752192,0.9296875
cd9874794b1129d3,fashion_mnist,ssb-v1-block,cnn,protocol-v3,0.8,16,2,2,340,0.001841540972236544,0.004483665979932994,543752192,0.875
cd9874794b1129d3,fashion_mnist,ssb-v1-block,cnn,protocol-v3,0.8,16,2,2,341,0.0017494999920018017,0.004268334014341235,543752192,0.921875
cd9874794b1129d3,fashion_mnist,ssb-v1-block,cnn,protocol-v3,0.8,16,2,2,342,0.0017376670148223639,0.004506167024374008,543768576,0.859375
cd9874794b1129d3,fashion_mnist,ssb-v1-block,cnn,protocol-v3,0.8,16,2,2,343,0.0018150410032831132,0.004504375043325126,543784960,0.875
cd9874794b1129d3,fashion_mnist,ssb-v1-block,cnn,protocol-v3,0.8,16,2,2,344,0.001791333022993058,0.004544291005004197,543784960,0.90625
cd9874794b1129d3,fashion_mnist,ssb-v1-block,cnn,protocol-v3,0.8,16,2,2,345,0.0017799999914132059,0.004448165942449123,543784960,0.859375
cd9874794b1129d3,fashion_mnist,ssb-v1-block,cnn,protocol-v3,0.8,16,2,2,346,0.001856458024121821,0.004539958026725799,543784960,0.8125
cd9874794b1129d3,fashion_mnist,ssb-v1-block,cnn,protocol-v3,0.8,16,2,2,347,0.001857916999142617,0.004391915979795158,543801344,0.8984375
cd9874794b1129d3,fashion_mnist,ssb-v1-block,cnn,protocol-v3,0.8,16,2,2,348,0.001774999953340739,0.004279958026017994,543801344,0.9296875
cd9874794b1129d3,fashion_mnist,ssb-v1-block,cnn,protocol-v3,0.8,16,2,2,349,0.0017988330218940973,0.0044860829948447645,543817728,0.9140625
cd9874794b1129d3,fashion_mnist,ssb-v1-block,cnn,protocol-v3,0.8,16,2,2,350,0.0017976250383071601,0.0043315410148352385,543834112,0.859375
cd9874794b1129d3,fashion_mnist,ssb-v1-block,cnn,protocol-v3,0.8,16,2,2,351,0.0018011669744737446,0.004166707978583872,543834112,0.9140625
cd9874794b1129d3,fashion_mnist,ssb-v1-block,cnn,protocol-v3,0.8,16,2,2,352,0.0017846659757196903,0.004428000014740974,543834112,0.90625
cd9874794b1129d3,fashion_mnist,ssb-v1-block,cnn,protocol-v3,0.8,16,2,2,353,0.001862583972979337,0.004536292050033808,543850496,0.8515625
cd9874794b1129d3,fashion_mnist,ssb-v1-block,cnn,protocol-v3,0.8,16,2,2,354,0.0018012920045293868,0.0043902500183321536,543850496,0.90625
cd9874794b1129d3,fashion_mnist,ssb-v1-block,cnn,protocol-v3,0.8,16,2,2,355,0.0017412080196663737,0.004490917024668306,543850496,0.9140625
cd9874794b1129d3,fashion_mnist,ssb-v1-block,cnn,protocol-v3,0.8,16,2,2,356,0.001735708035994321,0.0043877920252271,543850496,0.8828125
cd9874794b1129d3,fashion_mnist,ssb-v1-block,cnn,protocol-v3,0.8,16,2,2,357,0.0017859580111689866,0.004610000003594905,543866880,0.921875
cd9874794b1129d3,fashion_mnist,ssb-v1-block,cnn,protocol-v3,0.8,16,2,2,358,0.001796416996512562,0.004526167002040893,543866880,0.8828125
cd9874794b1129d3,fashion_mnist,ssb-v1-block,cnn,protocol-v3,0.8,16,2,2,359,0.0018075419939123094,0.00458024995168671,543866880,0.8984375
cd9874794b1129d3,fashion_mnist,ssb-v1-block,cnn,protocol-v3,0.8,16,2,2,360,0.001855333975981921,0.004208208003547043,543866880,0.8828125
cd9874794b1129d3,fashion_mnist,ssb-v1-block,cnn,protocol-v3,0.8,16,2,2,361,0.0018024579621851444,0.0044380000326782465,543866880,0.9375
cd9874794b1129d3,fashion_mnist,ssb-v1-block,cnn,protocol-v3,0.8,16,2,2,362,0.0017365000094287097,0.004366124980151653,543883264,0.8828125
cd9874794b1129d3,fashion_mnist,ssb-v1-block,cnn,protocol-v3,0.8,16,2,2,363,0.001836167008150369,0.004366791981738061,543883264,0.8984375
cd9874794b1129d3,fashion_mnist,ssb-v1-block,cnn,protocol-v3,0.8,16,2,2,364,0.0017970409826375544,0.004544166964478791,543883264,0.9296875
cd9874794b1129d3,fashion_mnist,ssb-v1-block,cnn,protocol-v3,0.8,16,2,2,365,0.001795999996829778,0.004459707997739315,543899648,0.8984375
cd9874794b1129d3,fashion_mnist,ssb-v1-block,cnn,protocol-v3,0.8,16,2,2,366,0.0017907079891301692,0.004319166007917374,543916032,0.890625
cd9874794b1129d3,fashion_mnist,ssb-v1-block,cnn,protocol-v3,0.8,16,2,2,367,0.0018554999842308462,0.004344834014773369,543916032,0.9140625
cd9874794b1129d3,fashion_mnist,ssb-v1-block,cnn,protocol-v3,0.8,16,2,2,368,0.0018521659658290446,0.004455709015019238,543916032,0.9140625
cd9874794b1129d3,fashion_mnist,ssb-v1-block,cnn,protocol-v3,0.8,16,2,2,369,0.0017948749591596425,0.004342667001765221,543916032,0.8828125
cd9874794b1129d3,fashion_mnist,ssb-v1-block,cnn,protocol-v3,0.8,16,2,2,370,0.0017838749918155372,0.004446915991138667,543916032,0.90625
cd9874794b1129d3,fashion_mnist,ssb-v1-block,cnn,protocol-v3,0.8,16,2,2,371,0.0017980419797822833,0.004505124990828335,543916032,0.890625
cd9874794b1129d3,fashion_mnist,ssb-v1-block,cnn,protocol-v3,0.8,16,2,2,372,0.00180079200072214,0.004631749994587153,543916032,0.859375
cd9874794b1129d3,fashion_mnist,ssb-v1-block,cnn,protocol-v3,0.8,16,2,2,373,0.0018531249952502549,0.004482750024180859,543916032,0.90625
cd9874794b1129d3,fashion_mnist,ssb-v1-block,cnn,protocol-v3,0.8,16,2,2,374,0.0017561669810675085,0.004498000023886561,543916032,0.9375
cd9874794b1129d3,fashion_mnist,ssb-v1-block,cnn,protocol-v3,0.8,16,2,2,375,0.0017835839535109699,0.004270834033377469,543916032,0.8984375
cd9874794b1129d3,fashion_mnist,ssb-v1-block,cnn,protocol-v3,0.8,16,2,2,376,0.0017882920219562948,0.004581833025440574,543916032,0.875
cd9874794b1129d3,fashion_mnist,ssb-v1-block,cnn,protocol-v3,0.8,16,2,2,377,0.0018405000446364284,0.004457624978385866,543916032,0.90625
cd9874794b1129d3,fashion_mnist,ssb-v1-block,cnn,protocol-v3,0.8,16,2,2,378,0.001790209033060819,0.004404125036671758,543932416,0.8828125
cd9874794b1129d3,fashion_mnist,ssb-v1-block,cnn,protocol-v3,0.8,16,2,2,379,0.0017948750173673034,0.004553999984636903,543932416,0.8984375
cd9874794b1129d3,fashion_mnist,ssb-v1-block,cnn,protocol-v3,0.8,16,2,2,380,0.0018154580029658973,0.004497333022300154,543932416,0.859375
cd9874794b1129d3,fashion_mnist,ssb-v1-block,cnn,protocol-v3,0.8,16,2,2,381,0.0018085410119965672,0.004378875019028783,543932416,0.8828125
cd9874794b1129d3,fashion_mnist,ssb-v1-block,cnn,protocol-v3,0.8,16,2,2,382,0.0018014159868471324,0.004501875024288893,543932416,0.921875
cd9874794b1129d3,fashion_mnist,ssb-v1-block,cnn,protocol-v3,0.8,16,2,2,383,0.0018440830172039568,0.004591249977238476,543932416,0.90625
cd9874794b1129d3,fashion_mnist,ssb-v1-block,cnn,protocol-v3,0.8,16,2,2,384,0.001843124977312982,0.0043619159841910005,543948800,0.8984375
cd9874794b1129d3,fashion_mnist,ssb-v1-block,cnn,protocol-v3,0.8,16,2,2,385,0.0018520830199122429,0.0045168750220909715,543948800,0.9453125
cd9874794b1129d3,fashion_mnist,ssb-v1-block,cnn,protocol-v3,0.8,16,2,2,386,0.001739958010148257,0.004210749990306795,543965184,0.8984375
cd9874794b1129d3,fashion_mnist,ssb-v1-block,cnn,protocol-v3,0.8,16,2,2,387,0.0018114589620381594,0.004350583010818809,543965184,0.890625
cd9874794b1129d3,fashion_mnist,ssb-v1-block,cnn,protocol-v3,0.8,16,2,2,388,0.001801416976377368,0.0044097499921917915,543965184,0.9609375
cd9874794b1129d3,fashion_mnist,ssb-v1-block,cnn,protocol-v3,0.8,16,2,2,389,0.0017939590034075081,0.004481874988414347,543965184,0.921875
cd9874794b1129d3,fashion_mnist,ssb-v1-block,cnn,protocol-v3,0.8,16,2,2,390,0.0018558329902589321,0.004398040997330099,543965184,0.8984375
cd9874794b1129d3,fashion_mnist,ssb-v1-block,cnn,protocol-v3,0.8,16,2,2,391,0.0018272079760208726,0.004404167004395276,543965184,0.9296875
cd9874794b1129d3,fashion_mnist,ssb-v1-block,cnn,protocol-v3,0.8,16,2,2,392,0.0017239170265384018,0.004455457965377718,543965184,0.9140625
cd9874794b1129d3,fashion_mnist,ssb-v1-block,cnn,protocol-v3,0.8,16,2,2,393,0.0017923340201377869,0.004367624991573393,543965184,0.9140625
cd9874794b1129d3,fashion_mnist,ssb-v1-block,cnn,protocol-v3,0.8,16,2,2,394,0.0017892920295707881,0.004378875019028783,543965184,0.890625
cd9874794b1129d3,fashion_mnist,ssb-v1-block,cnn,protocol-v3,0.8,16,2,2,395,0.0018121249740943313,0.004504874988924712,543965184,0.875
cd9874794b1129d3,fashion_mnist,ssb-v1-block,cnn,protocol-v3,0.8,16,2,2,396,0.0018663330120034516,0.004451500019058585,543965184,0.8359375
cd9874794b1129d3,fashion_mnist,ssb-v1-block,cnn,protocol-v3,0.8,16,2,2,397,0.001795249991118908,0.00442029198165983,543965184,0.890625
cd9874794b1129d3,fashion_mnist,ssb-v1-block,cnn,protocol-v3,0.8,16,2,2,398,0.0018587909871712327,0.0042935420060530305,543965184,0.890625
cd9874794b1129d3,fashion_mnist,ssb-v1-block,cnn,protocol-v3,0.8,16,2,2,399,0.0017517080414108932,0.004374541982542723,543965184,0.8984375
cd9874794b1129d3,fashion_mnist,ssb-v1-block,cnn,protocol-v3,0.8,16,2,2,400,0.00173370901029557,0.004291791992727667,543965184,0.875
cd9874794b1129d3,fashion_mnist,ssb-v1-block,cnn,protocol-v3,0.8,16,2,2,401,0.0017848340212367475,0.004530416976194829,543965184,0.875
cd9874794b1129d3,fashion_mnist,ssb-v1-block,cnn,protocol-v3,0.8,16,2,2,402,0.0018104580231010914,0.004330041992943734,543965184,0.8984375
cd9874794b1129d3,fashion_mnist,ssb-v1-block,cnn,protocol-v3,0.8,16,2,2,403,0.0018089580116793513,0.004606832982972264,543981568,0.9375
cd9874794b1129d3,fashion_mnist,ssb-v1-block,cnn,protocol-v3,0.8,16,2,2,404,0.0018078340217471123,0.004451541986782104,543981568,0.9296875
cd9874794b1129d3,fashion_mnist,ssb-v1-block,cnn,protocol-v3,0.8,16,2,2,405,0.0018542080069892108,0.004338249971624464,543981568,0.9140625
cd9874794b1129d3,fashion_mnist,ssb-v1-block,cnn,protocol-v3,0.8,16,2,2,406,0.0017383330268785357,0.004328500013798475,543981568,0.8828125
cd9874794b1129d3,fashion_mnist,ssb-v1-block,cnn,protocol-v3,0.8,16,2,2,407,0.0017886669957078993,0.004440375021658838,543981568,0.875
cd9874794b1129d3,fashion_mnist,ssb-v1-block,cnn,protocol-v3,0.8,16,2,2,408,0.0017935829819180071,0.004376583965495229,543981568,0.875
cd9874794b1129d3,fashion_mnist,ssb-v1-block,cnn,protocol-v3,0.8,16,2,2,409,0.0018501250306144357,0.004515916982199997,543981568,0.8671875
cd9874794b1129d3,fashion_mnist,ssb-v1-block,cnn,protocol-v3,0.8,16,2,2,410,0.0017935000360012054,0.004435917013324797,543981568,0.890625
cd9874794b1129d3,fashion_mnist,ssb-v1-block,cnn,protocol-v3,0.8,16,2,2,411,0.0017299170140177011,0.004325125017203391,543981568,0.84375
cd9874794b1129d3,fashion_mnist,ssb-v1-block,cnn,protocol-v3,0.8,16,2,2,412,0.0018530410015955567,0.004454415990039706,543981568,0.90625
cd9874794b1129d3,fashion_mnist,ssb-v1-block,cnn,protocol-v3,0.8,16,2,2,413,0.001789500005543232,0.004317499988246709,543981568,0.890625
cd9874794b1129d3,fashion_mnist,ssb-v1-block,cnn,protocol-v3,0.8,16,2,2,414,0.001793165982235223,0.00439170899335295,543981568,0.921875
cd9874794b1129d3,fashion_mnist,ssb-v1-block,cnn,protocol-v3,0.8,16,2,2,415,0.0018065000185742974,0.004547459015157074,543981568,0.9140625
cd9874794b1129d3,fashion_mnist,ssb-v1-block,cnn,protocol-v3,0.8,16,2,2,416,0.0018399999826215208,0.0044770410167984664,543981568,0.8671875
cd9874794b1129d3,fashion_mnist,ssb-v1-block,cnn,protocol-v3,0.8,16,2,2,417,0.0018459580023773015,0.004470375017262995,543981568,0.90625
cd9874794b1129d3,fashion_mnist,ssb-v1-block,cnn,protocol-v3,0.8,16,2,2,418,0.0018688749987632036,0.004367624991573393,543981568,0.9140625
cd9874794b1129d3,fashion_mnist,ssb-v1-block,cnn,protocol-v3,0.8,16,2,2,419,0.001775417011231184,0.004579790984280407,543981568,0.890625
cd9874794b1129d3,fashion_mnist,ssb-v1-block,cnn,protocol-v3,0.8,16,2,2,420,0.00181200000224635,0.004284708993509412,543981568,0.875
cd9874794b1129d3,fashion_mnist,ssb-v1-block,cnn,protocol-v3,0.8,16,2,2,421,0.001858375035226345,0.0044466659892350435,543981568,0.8984375
cd9874794b1129d3,fashion_mnist,ssb-v1-block,cnn,protocol-v3,0.8,16,2,2,422,0.0018347500008530915,0.0043377080000936985,544014336,0.875
cd9874794b1129d3,fashion_mnist,ssb-v1-block,cnn,protocol-v3,0.8,16,2,2,423,0.0018480410217307508,0.0043011250090785325,544014336,0.890625
cd9874794b1129d3,fashion_mnist,ssb-v1-block,cnn,protocol-v3,0.8,16,2,2,424,0.0017869159928523004,0.00456270802533254,544014336,0.8828125
cd9874794b1129d3,fashion_mnist,ssb-v1-block,cnn,protocol-v3,0.8,16,2,2,425,0.0018336670473217964,0.004364583001006395,544014336,0.90625
cd9874794b1129d3,fashion_mnist,ssb-v1-block,cnn,protocol-v3,0.8,16,2,2,426,0.0017791669815778732,0.0041969590238295496,544014336,0.8828125
cd9874794b1129d3,fashion_mnist,ssb-v1-block,cnn,protocol-v3,0.8,16,2,2,427,0.0018175839795731008,0.004408625012729317,544014336,0.890625
cd9874794b1129d3,fashion_mnist,ssb-v1-block,cnn,protocol-v3,0.8,16,2,2,428,0.0017946249572560191,0.004457374976482242,544014336,0.9140625
cd9874794b1129d3,fashion_mnist,ssb-v1-block,cnn,protocol-v3,0.8,16,2,2,429,0.0017863749526441097,0.004368792055174708,544014336,0.890625
cd9874794b1129d3,fashion_mnist,ssb-v1-block,cnn,protocol-v3,0.8,16,2,2,430,0.0018484590109437704,0.004427917010616511,544014336,0.921875
cd9874794b1129d3,fashion_mnist,ssb-v1-block,cnn,protocol-v3,0.8,16,2,2,431,0.0018459169659763575,0.004369707952719182,544014336,0.875
cd9874794b1129d3,fashion_mnist,ssb-v1-block,cnn,protocol-v3,0.8,16,2,2,432,0.0017463330295868218,0.004375167016405612,544014336,0.8984375
cd9874794b1129d3,fashion_mnist,ssb-v1-block,cnn,protocol-v3,0.8,16,2,2,433,0.0017382500227540731,0.004392499977257103,544014336,0.90625
cd9874794b1129d3,fashion_mnist,ssb-v1-block,cnn,protocol-v3,0.8,16,2,2,434,0.001734208024572581,0.004351833020336926,544047104,0.921875
cd9874794b1129d3,fashion_mnist,ssb-v1-block,cnn,protocol-v3,0.8,16,2,2,435,0.0017887080321088433,0.0043184999958612025,544047104,0.859375
cd9874794b1129d3,fashion_mnist,ssb-v1-block,cnn,protocol-v3,0.8,16,2,2,436,0.0017890830058604479,0.004470415995456278,544047104,0.9375
cd9874794b1129d3,fashion_mnist,ssb-v1-block,cnn,protocol-v3,0.8,16,2,2,437,0.0017849999712780118,0.004587874980643392,544047104,0.890625
cd9874794b1129d3,fashion_mnist,ssb-v1-block,cnn,protocol-v3,0.8,16,2,2,438,0.0018530419911257923,0.004257625027094036,544047104,0.8828125
cd9874794b1129d3,fashion_mnist,ssb-v1-block,cnn,protocol-v3,0.8,16,2,2,439,0.0018414160003885627,0.0044857500470243394,544047104,0.9453125
cd9874794b1129d3,fashion_mnist,ssb-v1-block,cnn,protocol-v3,0.8,16,2,2,440,0.0018465000321157277,0.004455208021681756,544047104,0.90625
cd9874794b1129d3,fashion_mnist,ssb-v1-block,cnn,protocol-v3,0.8,16,2,2,441,0.0017332079587504268,0.004414583032485098,544047104,0.7890625
cd9874794b1129d3,fashion_mnist,ssb-v1-block,cnn,protocol-v3,0.8,16,2,2,442,0.0017784999799914658,0.004281707981135696,544047104,0.9375
cd9874794b1129d3,fashion_mnist,ssb-v1-block,cnn,protocol-v3,0.8,16,2,2,443,0.0017925830325111747,0.004397916956804693,544063488,0.8671875
cd9874794b1129d3,fashion_mnist,ssb-v1-block,cnn,protocol-v3,0.8,16,2,2,444,0.001783333020284772,0.004382124985568225,544063488,0.8125
cd9874794b1129d3,fashion_mnist,ssb-v1-block,cnn,protocol-v3,0.8,16,2,2,445,0.001806124986615032,0.004437291994690895,544096256,0.9296875
cd9874794b1129d3,fashion_mnist,ssb-v1-block,cnn,protocol-v3,0.8,16,2,2,446,0.0017766669625416398,0.00462383299600333,544096256,0.875
cd9874794b1129d3,fashion_mnist,ssb-v1-block,cnn,protocol-v3,0.8,16,2,2,447,0.0018052500090561807,0.004346041998360306,544096256,0.875
cd9874794b1129d3,fashion_mnist,ssb-v1-block,cnn,protocol-v3,0.8,16,2,2,448,0.0018586249789223075,0.004469709005206823,544096256,0.9140625
cd9874794b1129d3,fashion_mnist,ssb-v1-block,cnn,protocol-v3,0.8,16,2,2,449,0.0018695000326260924,0.004497540998272598,544096256,0.84375
cd9874794b1129d3,fashion_mnist,ssb-v1-block,cnn,protocol-v3,0.8,16,2,2,450,0.0018209170084446669,0.004534708976279944,544096256,0.9140625
cd9874794b1129d3,fashion_mnist,ssb-v1-block,cnn,protocol-v3,0.8,16,2,2,451,0.0018610829720273614,0.00431900005787611,544096256,0.9140625
cd9874794b1129d3,fashion_mnist,ssb-v1-block,cnn,protocol-v3,0.8,16,2,2,452,0.0017738339956849813,0.004268208984285593,544096256,0.8671875
cd9874794b1129d3,fashion_mnist,ssb-v1-block,cnn,protocol-v3,0.8,16,2,2,453,0.001808041997719556,0.004332749987952411,544096256,0.9140625
cd9874794b1129d3,fashion_mnist,ssb-v1-block,cnn,protocol-v3,0.8,16,2,2,454,0.0017423339886590838,0.004542999959085137,544112640,0.8984375
cd9874794b1129d3,fashion_mnist,ssb-v1-block,cnn,protocol-v3,0.8,16,2,2,455,0.0018528340151533484,0.004391374997794628,544112640,0.921875
cd9874794b1129d3,fashion_mnist,ssb-v1-block,cnn,protocol-v3,0.8,16,2,2,456,0.001796041033230722,0.004550125042442232,544112640,0.953125
cd9874794b1129d3,fashion_mnist,ssb-v1-block,cnn,protocol-v3,0.8,16,2,2,457,0.0018045000033453107,0.004440249991603196,544112640,0.890625
cd9874794b1129d3,fashion_mnist,ssb-v1-block,cnn,protocol-v3,0.8,16,2,2,458,0.0019169580191373825,0.004286749986931682,544112640,0.9375
cd9874794b1129d3,fashion_mnist,ssb-v1-block,cnn,protocol-v3,0.8,16,2,2,459,0.0018252499867230654,0.004502291034441441,544112640,0.9140625
cd9874794b1129d3,fashion_mnist,ssb-v1-block,cnn,protocol-v3,0.8,16,2,2,460,0.0018494999967515469,0.004321084008552134,544112640,0.875
cd9874794b1129d3,fashion_mnist,ssb-v1-block,cnn,protocol-v3,0.8,16,2,2,461,0.0017414999892935157,0.004355875018518418,544129024,0.859375
cd9874794b1129d3,fashion_mnist,ssb-v1-block,cnn,protocol-v3,0.8,16,2,2,462,0.0017272919649258256,0.0044795830035582185,544129024,0.890625
cd9874794b1129d3,fashion_mnist,ssb-v1-block,cnn,protocol-v3,0.8,16,2,2,463,0.0018557499861344695,0.004448166990187019,544129024,0.875
cd9874794b1129d3,fashion_mnist,ssb-v1-block,cnn,protocol-v3,0.8,16,2,2,464,0.0018123340560123324,0.004515249980613589,544145408,0.9140625
cd9874794b1129d3,fashion_mnist,ssb-v1-block,cnn,protocol-v3,0.8,16,2,2,465,0.0018457499681971967,0.004524999996647239,544161792,0.90625
cd9874794b1129d3,fashion_mnist,ssb-v1-block,cnn,protocol-v3,0.8,16,2,2,466,0.0018532079993747175,0.004336790996603668,544161792,0.828125
cd9874794b1129d3,fashion_mnist,ssb-v1-block,cnn,protocol-v3,0.8,16,2,2,467,0.0017384159727953374,0.004388166998978704,544161792,0.9140625
cd9874794b1129d3,fashion_mnist,ssb-v1-block,cnn,protocol-v3,0.8,16,2,2,468,0.0014958750107325613,0.011370458989404142,546258944,0.8854166666666666
cd9874794b1129d3,fashion_mnist,ssb-v1-block,cnn,protocol-v3,0.8,16,2,3,0,0.0018376249936409295,0.004662999999709427,547307520,0.9453125
cd9874794b1129d3,fashion_mnist,ssb-v1-block,cnn,protocol-v3,0.8,16,2,3,1,0.0019077500328421593,0.004457874980289489,547307520,0.859375
cd9874794b1129d3,fashion_mnist,ssb-v1-block,cnn,protocol-v3,0.8,16,2,3,2,0.0017599579878151417,0.004597125051077455,547307520,0.9140625
cd9874794b1129d3,fashion_mnist,ssb-v1-block,cnn,protocol-v3,0.8,16,2,3,3,0.0018162089982070029,0.004451042041182518,547307520,0.8828125
cd9874794b1129d3,fashion_mnist,ssb-v1-block,cnn,protocol-v3,0.8,16,2,3,4,0.0018675000173971057,0.004505917022470385,547307520,0.9375
cd9874794b1129d3,fashion_mnist,ssb-v1-block,cnn,protocol-v3,0.8,16,2,3,5,0.001885084027890116,0.004489874991122633,547307520,0.8828125
cd9874794b1129d3,fashion_mnist,ssb-v1-block,cnn,protocol-v3,0.8,16,2,3,6,0.001880750001873821,0.004513333027716726,547307520,0.8828125
cd9874794b1129d3,fashion_mnist,ssb-v1-block,cnn,protocol-v3,0.8,16,2,3,7,0.0018245410174131393,0.004316208011005074,547307520,0.8984375
cd9874794b1129d3,fashion_mnist,ssb-v1-block,cnn,protocol-v3,0.8,16,2,3,8,0.001800999976694584,0.004546957963611931,547307520,0.9140625
cd9874794b1129d3,fashion_mnist,ssb-v1-block,cnn,protocol-v3,0.8,16,2,3,9,0.001832583046052605,0.004379792022518814,547307520,0.8984375
cd9874794b1129d3,fashion_mnist,ssb-v1-block,cnn,protocol-v3,0.8,16,2,3,10,0.0018234160379506648,0.004477959009818733,547307520,0.8984375
cd9874794b1129d3,fashion_mnist,ssb-v1-block,cnn,protocol-v3,0.8,16,2,3,11,0.0018527500214986503,0.004280374967493117,547307520,0.90625
cd9874794b1129d3,fashion_mnist,ssb-v1-block,cnn,protocol-v3,0.8,16,2,3,12,0.0017978340038098395,0.004361375002190471,547307520,0.875
cd9874794b1129d3,fashion_mnist,ssb-v1-block,cnn,protocol-v3,0.8,16,2,3,13,0.0018065000185742974,0.004368000023532659,547307520,0.90625
cd9874794b1129d3,fashion_mnist,ssb-v1-block,cnn,protocol-v3,0.8,16,2,3,14,0.0018094590050168335,0.00449579197447747,547307520,0.8671875
cd9874794b1129d3,fashion_mnist,ssb-v1-block,cnn,protocol-v3,0.8,16,2,3,15,0.0018237920012325048,0.004596792045049369,547307520,0.9453125
cd9874794b1129d3,fashion_mnist,ssb-v1-block,cnn,protocol-v3,0.8,16,2,3,16,0.0018668749835342169,0.004443874990101904,547307520,0.8984375
cd9874794b1129d3,fashion_mnist,ssb-v1-block,cnn,protocol-v3,0.8,16,2,3,17,0.0018547910149209201,0.004177124996203929,547307520,0.8984375
cd9874794b1129d3,fashion_mnist,ssb-v1-block,cnn,protocol-v3,0.8,16,2,3,18,0.0018581250333227217,0.004348875023424625,547307520,0.9296875
cd9874794b1129d3,fashion_mnist,ssb-v1-block,cnn,protocol-v3,0.8,16,2,3,19,0.0017442500102333724,0.004447791026905179,547307520,0.9140625
cd9874794b1129d3,fashion_mnist,ssb-v1-block,cnn,protocol-v3,0.8,16,2,3,20,0.0017461669631302357,0.004337667021900415,547307520,0.859375
cd9874794b1129d3,fashion_mnist,ssb-v1-block,cnn,protocol-v3,0.8,16,2,3,21,0.0018000000272877514,0.004333832999691367,547307520,0.859375
cd9874794b1129d3,fashion_mnist,ssb-v1-block,cnn,protocol-v3,0.8,16,2,3,22,0.0017954169888980687,0.004511207982432097,547307520,0.890625
cd9874794b1129d3,fashion_mnist,ssb-v1-block,cnn,protocol-v3,0.8,16,2,3,23,0.0018034590175375342,0.004596749960910529,547307520,0.9140625
cd9874794b1129d3,fashion_mnist,ssb-v1-block,cnn,protocol-v3,0.8,16,2,3,24,0.0017291670083068311,0.004409499990288168,547307520,0.921875
cd9874794b1129d3,fashion_mnist,ssb-v1-block,cnn,protocol-v3,0.8,16,2,3,25,0.0018653330043889582,0.004469000035896897,547307520,0.890625
cd9874794b1129d3,fashion_mnist,ssb-v1-block,cnn,protocol-v3,0.8,16,2,3,26,0.0019257909734733403,0.0044339579762890935,547307520,0.875
cd9874794b1129d3,fashion_mnist,ssb-v1-block,cnn,protocol-v3,0.8,16,2,3,27,0.0018102920148521662,0.004332958022132516,547307520,0.890625
cd9874794b1129d3,fashion_mnist,ssb-v1-block,cnn,protocol-v3,0.8,16,2,3,28,0.0017962499987334013,0.004507417033892125,547307520,0.8515625
cd9874794b1129d3,fashion_mnist,ssb-v1-block,cnn,protocol-v3,0.8,16,2,3,29,0.0017356250318698585,0.00433183298446238,547307520,0.9296875
cd9874794b1129d3,fashion_mnist,ssb-v1-block,cnn,protocol-v3,0.8,16,2,3,30,0.0018068329663947225,0.004390458052512258,547307520,0.921875
cd9874794b1129d3,fashion_mnist,ssb-v1-block,cnn,protocol-v3,0.8,16,2,3,31,0.001741790969390422,0.004421874997206032,547323904,0.8515625
cd9874794b1129d3,fashion_mnist,ssb-v1-block,cnn,protocol-v3,0.8,16,2,3,32,0.0017862499807961285,0.0043210830190218985,547323904,0.8828125
cd9874794b1129d3,fashion_mnist,ssb-v1-block,cnn,protocol-v3,0.8,16,2,3,33,0.0017743749776855111,0.004404541978146881,547323904,0.875
cd9874794b1129d3,fashion_mnist,ssb-v1-block,cnn,protocol-v3,0.8,16,2,3,34,0.0018009159830398858,0.004341916006524116,547323904,0.9375
cd9874794b1129d3,fashion_mnist,ssb-v1-block,cnn,protocol-v3,0.8,16,2,3,35,0.0018729169969446957,0.004360459046438336,547323904,0.890625
cd9874794b1129d3,fashion_mnist,ssb-v1-block,cnn,protocol-v3,0.8,16,2,3,36,0.0017856250051409006,0.004509958962444216,547323904,0.8125
cd9874794b1129d3,fashion_mnist,ssb-v1-block,cnn,protocol-v3,0.8,16,2,3,37,0.0018546670326031744,0.004400792007800192,547323904,0.8828125
cd9874794b1129d3,fashion_mnist,ssb-v1-block,cnn,protocol-v3,0.8,16,2,3,38,0.0018397910171188414,0.004379749996587634,547323904,0.9140625
cd9874794b1129d3,fashion_mnist,ssb-v1-block,cnn,protocol-v3,0.8,16,2,3,39,0.0018451249925419688,0.004420749959535897,547323904,0.890625
cd9874794b1129d3,fashion_mnist,ssb-v1-block,cnn,protocol-v3,0.8,16,2,3,40,0.0017597500118426979,0.004404958977829665,547323904,0.9296875
cd9874794b1129d3,fashion_mnist,ssb-v1-block,cnn,protocol-v3,0.8,16,2,3,41,0.001798874989617616,0.004447874962352216,547323904,0.921875
cd9874794b1129d3,fashion_mnist,ssb-v1-block,cnn,protocol-v3,0.8,16,2,3,42,0.0017975419759750366,0.004336708982009441,547323904,0.8984375
cd9874794b1129d3,fashion_mnist,ssb-v1-block,cnn,protocol-v3,0.8,16,2,3,43,0.0017872080206871033,0.004532666993327439,547323904,0.9140625
cd9874794b1129d3,fashion_mnist,ssb-v1-block,cnn,protocol-v3,0.8,16,2,3,44,0.0018470839713700116,0.004564167000353336,547323904,0.8984375
cd9874794b1129d3,fashion_mnist,ssb-v1-block,cnn,protocol-v3,0.8,16,2,3,45,0.0018613329739309847,0.004463207966182381,547323904,0.9140625
cd9874794b1129d3,fashion_mnist,ssb-v1-block,cnn,protocol-v3,0.8,16,2,3,46,0.0018070829682983458,0.0043553749565035105,547323904,0.8828125
cd9874794b1129d3,fashion_mnist,ssb-v1-block,cnn,protocol-v3,0.8,16,2,3,47,0.0018038750276900828,0.004459958989173174,547323904,0.9296875
cd9874794b1129d3,fashion_mnist,ssb-v1-block,cnn,protocol-v3,0.8,16,2,3,48,0.0018004580051638186,0.004386915999930352,547323904,0.8359375
cd9874794b1129d3,fashion_mnist,ssb-v1-block,cnn,protocol-v3,0.8,16,2,3,49,0.0017923330306075513,0.0045649579842574894,547323904,0.8515625
cd9874794b1129d3,fashion_mnist,ssb-v1-block,cnn,protocol-v3,0.8,16,2,3,50,0.0018290840089321136,0.004417333053424954,547323904,0.8828125
cd9874794b1129d3,fashion_mnist,ssb-v1-block,cnn,protocol-v3,0.8,16,2,3,51,0.001862625009380281,0.004537959001027048,547323904,0.921875
cd9874794b1129d3,fashion_mnist,ssb-v1-block,cnn,protocol-v3,0.8,16,2,3,52,0.0017330420087091625,0.004155832983087748,547323904,0.8984375
cd9874794b1129d3,fashion_mnist,ssb-v1-block,cnn,protocol-v3,0.8,16,2,3,53,0.0017965000006370246,0.004414165974594653,547323904,0.859375
cd9874794b1129d3,fashion_mnist,ssb-v1-block,cnn,protocol-v3,0.8,16,2,3,54,0.0017449160222895443,0.004487957980018109,547323904,0.859375
cd9874794b1129d3,fashion_mnist,ssb-v1-block,cnn,protocol-v3,0.8,16,2,3,55,0.0017549999756738544,0.004444333026185632,547323904,0.8828125
cd9874794b1129d3,fashion_mnist,ssb-v1-block,cnn,protocol-v3,0.8,16,2,3,56,0.0018050840008072555,0.004419415956363082,547323904,0.9609375
cd9874794b1129d3,fashion_mnist,ssb-v1-block,cnn,protocol-v3,0.8,16,2,3,57,0.0017945829895325005,0.0042409999878145754,547323904,0.90625
cd9874794b1129d3,fashion_mnist,ssb-v1-block,cnn,protocol-v3,0.8,16,2,3,58,0.0017089589964598417,0.004360791994258761,547323904,0.9375
cd9874794b1129d3,fashion_mnist,ssb-v1-block,cnn,protocol-v3,0.8,16,2,3,59,0.0017989170155487955,0.004391250025946647,547323904,0.8515625
cd9874794b1129d3,fashion_mnist,ssb-v1-block,cnn,protocol-v3,0.8,16,2,3,60,0.0017944159917533398,0.004437791998498142,547323904,0.9296875
cd9874794b1129d3,fashion_mnist,ssb-v1-block,cnn,protocol-v3,0.8,16,2,3,61,0.001789917005226016,0.004515000036917627,547323904,0.921875
cd9874794b1129d3,fashion_mnist,ssb-v1-block,cnn,protocol-v3,0.8,16,2,3,62,0.001792500028386712,0.004383667022921145,547323904,0.875
cd9874794b1129d3,fashion_mnist,ssb-v1-block,cnn,protocol-v3,0.8,16,2,3,63,0.00181350001366809,0.0046377499820664525,547323904,0.90625
cd9874794b1129d3,fashion_mnist,ssb-v1-block,cnn,protocol-v3,0.8,16,2,3,64,0.0018468329799361527,0.010978000005707145,548339712,0.90625
cd9874794b1129d3,fashion_mnist,ssb-v1-block,cnn,protocol-v3,0.8,16,2,3,65,0.0017546250019222498,0.004512124985922128,548601856,0.84375
cd9874794b1129d3,fashion_mnist,ssb-v1-block,cnn,protocol-v3,0.8,16,2,3,66,0.001746749971061945,0.004468458006158471,548601856,0.9375
cd9874794b1129d3,fashion_mnist,ssb-v1-block,cnn,protocol-v3,0.8,16,2,3,67,0.0018178329919464886,0.004473541979677975,548601856,0.890625
cd9874794b1129d3,fashion_mnist,ssb-v1-block,cnn,protocol-v3,0.8,16,2,3,68,0.0018307080026715994,0.004452833964023739,548945920,0.8828125
cd9874794b1129d3,fashion_mnist,ssb-v1-block,cnn,protocol-v3,0.8,16,2,3,69,0.001841625024098903,0.004459832969587296,548945920,0.8828125
cd9874794b1129d3,fashion_mnist,ssb-v1-block,cnn,protocol-v3,0.8,16,2,3,70,0.0019062499632127583,0.004477165988646448,548945920,0.90625
cd9874794b1129d3,fashion_mnist,ssb-v1-block,cnn,protocol-v3,0.8,16,2,3,71,0.001768207992427051,0.004266749951057136,548945920,0.8828125
cd9874794b1129d3,fashion_mnist,ssb-v1-block,cnn,protocol-v3,0.8,16,2,3,72,0.0018387080053798854,0.0043070000247098505,548945920,0.8984375
cd9874794b1129d3,fashion_mnist,ssb-v1-block,cnn,protocol-v3,0.8,16,2,3,73,0.0017769169644452631,0.004485541023313999,548945920,0.8828125
cd9874794b1129d3,fashion_mnist,ssb-v1-block,cnn,protocol-v3,0.8,16,2,3,74,0.0018185829976573586,0.004496083012782037,548945920,0.9375
cd9874794b1129d3,fashion_mnist,ssb-v1-block,cnn,protocol-v3,0.8,16,2,3,75,0.0018450409988872707,0.0045161250163801014,548945920,0.9296875
cd9874794b1129d3,fashion_mnist,ssb-v1-block,cnn,protocol-v3,0.8,16,2,3,76,0.0017846249975264072,0.004444250022061169,548945920,0.90625
cd9874794b1129d3,fashion_mnist,ssb-v1-block,cnn,protocol-v3,0.8,16,2,3,77,0.0018006250029429793,0.004401292011607438,548945920,0.921875
cd9874794b1129d3,fashion_mnist,ssb-v1-block,cnn,protocol-v3,0.8,16,2,3,78,0.0017967079766094685,0.004390707996208221,548945920,0.9375
cd9874794b1129d3,fashion_mnist,ssb-v1-block,cnn,protocol-v3,0.8,16,2,3,79,0.0017601249855943024,0.004542958049569279,548945920,0.8828125
cd9874794b1129d3,fashion_mnist,ssb-v1-block,cnn,protocol-v3,0.8,16,2,3,80,0.0018649160047061741,0.004402416001539677,548945920,0.8515625
cd9874794b1129d3,fashion_mnist,ssb-v1-block,cnn,protocol-v3,0.8,16,2,3,81,0.0017881669919006526,0.004295916005503386,548945920,0.8828125
cd9874794b1129d3,fashion_mnist,ssb-v1-block,cnn,protocol-v3,0.8,16,2,3,82,0.0017709580133669078,0.004396458971314132,548945920,0.9296875
cd9874794b1129d3,fashion_mnist,ssb-v1-block,cnn,protocol-v3,0.8,16,2,3,83,0.001798583019990474,0.004491791012696922,548945920,0.8671875
cd9874794b1129d3,fashion_mnist,ssb-v1-block,cnn,protocol-v3,0.8,16,2,3,84,0.001804624975193292,0.00445483298972249,548945920,0.8671875
cd9874794b1129d3,fashion_mnist,ssb-v1-block,cnn,protocol-v3,0.8,16,2,3,85,0.0018012500368058681,0.004448458959814161,548945920,0.8671875
cd9874794b1129d3,fashion_mnist,ssb-v1-block,cnn,protocol-v3,0.8,16,2,3,86,0.0018002080032601953,0.004593584046233445,548945920,0.8984375
cd9874794b1129d3,fashion_mnist,ssb-v1-block,cnn,protocol-v3,0.8,16,2,3,87,0.0018578749732114375,0.004408083972521126,548945920,0.828125
cd9874794b1129d3,fashion_mnist,ssb-v1-block,cnn,protocol-v3,0.8,16,2,3,88,0.0017914159689098597,0.004542083013802767,548945920,0.9140625
cd9874794b1129d3,fashion_mnist,ssb-v1-block,cnn,protocol-v3,0.8,16,2,3,89,0.00183141598245129,0.004567875002976507,548962304,0.8984375
cd9874794b1129d3,fashion_mnist,ssb-v1-block,cnn,protocol-v3,0.8,16,2,3,90,0.00178508396493271,0.004514084022957832,548962304,0.90625
cd9874794b1129d3,fashion_mnist,ssb-v1-block,cnn,protocol-v3,0.8,16,2,3,91,0.001974874990992248,0.004924750013742596,548962304,0.8984375
cd9874794b1129d3,fashion_mnist,ssb-v1-block,cnn,protocol-v3,0.8,16,2,3,92,0.0022012499975971878,0.005383000010624528,548962304,0.921875
cd9874794b1129d3,fashion_mnist,ssb-v1-block,cnn,protocol-v3,0.8,16,2,3,93,0.002151833032257855,0.0067986249923706055,548962304,0.9375
cd9874794b1129d3,fashion_mnist,ssb-v1-block,cnn,protocol-v3,0.8,16,2,3,94,0.002279292035382241,0.005457625025883317,548962304,0.8828125
cd9874794b1129d3,fashion_mnist,ssb-v1-block,cnn,protocol-v3,0.8,16,2,3,95,0.00207687501097098,0.00491804099874571,548962304,0.8671875
cd9874794b1129d3,fashion_mnist,ssb-v1-block,cnn,protocol-v3,0.8,16,2,3,96,0.001975041988771409,0.0045052909990772605,548962304,0.890625
cd9874794b1129d3,fashion_mnist,ssb-v1-block,cnn,protocol-v3,0.8,16,2,3,97,0.0017814580351114273,0.004367125045973808,548962304,0.9140625
cd9874794b1129d3,fashion_mnist,ssb-v1-block,cnn,protocol-v3,0.8,16,2,3,98,0.0017806669929996133,0.004412500013131648,548962304,0.8515625
cd9874794b1129d3,fashion_mnist,ssb-v1-block,cnn,protocol-v3,0.8,16,2,3,99,0.0017920839600265026,0.004335417004767805,548962304,0.875
cd9874794b1129d3,fashion_mnist,ssb-v1-block,cnn,protocol-v3,0.8,16,2,3,100,0.0017980830161832273,0.004404625040479004,548978688,0.8984375
cd9874794b1129d3,fashion_mnist,ssb-v1-block,cnn,protocol-v3,0.8,16,2,3,101,0.0018765840213745832,0.004433874972164631,548995072,0.8828125
cd9874794b1129d3,fashion_mnist,ssb-v1-block,cnn,protocol-v3,0.8,16,2,3,102,0.0018606249941512942,0.0044060840154998004,548995072,0.90625
cd9874794b1129d3,fashion_mnist,ssb-v1-block,cnn,protocol-v3,0.8,16,2,3,103,0.0018128750380128622,0.004555666993837804,548995072,0.8828125
cd9874794b1129d3,fashion_mnist,ssb-v1-block,cnn,protocol-v3,0.8,16,2,3,104,0.0017710409592837095,0.004479125025682151,548995072,0.90625
cd9874794b1129d3,fashion_mnist,ssb-v1-block,cnn,protocol-v3,0.8,16,2,3,105,0.0017912500188685954,0.0044575410429388285,548995072,0.9375
cd9874794b1129d3,fashion_mnist,ssb-v1-block,cnn,protocol-v3,0.8,16,2,3,106,0.0018010829808190465,0.004487500002142042,548995072,0.90625
cd9874794b1129d3,fashion_mnist,ssb-v1-block,cnn,protocol-v3,0.8,16,2,3,107,0.0018431670032441616,0.0043543329811654985,548995072,0.90625
cd9874794b1129d3,fashion_mnist,ssb-v1-block,cnn,protocol-v3,0.8,16,2,3,108,0.0018612080020830035,0.0043148339609615505,548995072,0.9140625
cd9874794b1129d3,fashion_mnist,ssb-v1-block,cnn,protocol-v3,0.8,16,2,3,109,0.0018002499709837139,0.004493791959248483,548995072,0.96875
cd9874794b1129d3,fashion_mnist,ssb-v1-block,cnn,protocol-v3,0.8,16,2,3,110,0.0018050000071525574,0.004416167037561536,549011456,0.9140625
cd9874794b1129d3,fashion_mnist,ssb-v1-block,cnn,protocol-v3,0.8,16,2,3,111,0.0017868750146590173,0.004508792015258223,549011456,0.8828125
cd9874794b1129d3,fashion_mnist,ssb-v1-block,cnn,protocol-v3,0.8,16,2,3,112,0.001859333016909659,0.004427624982781708,549011456,0.921875
cd9874794b1129d3,fashion_mnist,ssb-v1-block,cnn,protocol-v3,0.8,16,2,3,113,0.0018715829937718809,0.004478124959859997,549011456,0.9140625
cd9874794b1129d3,fashion_mnist,ssb-v1-block,cnn,protocol-v3,0.8,16,2,3,114,0.0017535000224597752,0.004295416991226375,549011456,0.890625
cd9874794b1129d3,fashion_mnist,ssb-v1-block,cnn,protocol-v3,0.8,16,2,3,115,0.0017315410077571869,0.0043430840014480054,549011456,0.875
cd9874794b1129d3,fashion_mnist,ssb-v1-block,cnn,protocol-v3,0.8,16,2,3,116,0.001788708963431418,0.0043351249769330025,549011456,0.8984375
cd9874794b1129d3,fashion_mnist,ssb-v1-block,cnn,protocol-v3,0.8,16,2,3,117,0.0017925829743035138,0.004295209015253931,549011456,0.90625
cd9874794b1129d3,fashion_mnist,ssb-v1-block,cnn,protocol-v3,0.8,16,2,3,118,0.0017967919702641666,0.004430875007528812,549011456,0.921875
cd9874794b1129d3,fashion_mnist,ssb-v1-block,cnn,protocol-v3,0.8,16,2,3,119,0.0017933749477379024,0.004528207995463163,549011456,0.9296875
cd9874794b1129d3,fashion_mnist,ssb-v1-block,cnn,protocol-v3,0.8,16,2,3,120,0.0018091670353896916,0.004479374969378114,549011456,0.890625
cd9874794b1129d3,fashion_mnist,ssb-v1-block,cnn,protocol-v3,0.8,16,2,3,121,0.0018378329696133733,0.0043814159580506384,549011456,0.890625
cd9874794b1129d3,fashion_mnist,ssb-v1-block,cnn,protocol-v3,0.8,16,2,3,122,0.0018495830008760095,0.0044087080168537796,549011456,0.875
cd9874794b1129d3,fashion_mnist,ssb-v1-block,cnn,protocol-v3,0.8,16,2,3,123,0.0017647499917075038,0.00436887500109151,549011456,0.9140625
cd9874794b1129d3,fashion_mnist,ssb-v1-block,cnn,protocol-v3,0.8,16,2,3,124,0.0017966669984161854,0.011112832988146693,550043648,0.9296875
cd9874794b1129d3,fashion_mnist,ssb-v1-block,cnn,protocol-v3,0.8,16,2,3,125,0.001855082984548062,0.004484499979298562,550420480,0.921875
cd9874794b1129d3,fashion_mnist,ssb-v1-block,cnn,protocol-v3,0.8,16,2,3,126,0.0018627499812282622,0.004554083978291601,550420480,0.84375
cd9874794b1129d3,fashion_mnist,ssb-v1-block,cnn,protocol-v3,0.8,16,2,3,127,0.0018896670080721378,0.00449412502348423,550748160,0.9375
cd9874794b1129d3,fashion_mnist,ssb-v1-block,cnn,protocol-v3,0.8,16,2,3,128,0.0017959580291062593,0.004359250015113503,550748160,0.9140625
cd9874794b1129d3,fashion_mnist,ssb-v1-block,cnn,protocol-v3,0.8,16,2,3,129,0.0018140830215997994,0.004403416998684406,550748160,0.9140625
cd9874794b1129d3,fashion_mnist,ssb-v1-block,cnn,protocol-v3,0.8,16,2,3,130,0.0018675840110518038,0.004469332983717322,550748160,0.875
cd9874794b1129d3,fashion_mnist,ssb-v1-block,cnn,protocol-v3,0.8,16,2,3,131,0.0018457919941283762,0.004310375021304935,550748160,0.9375
cd9874794b1129d3,fashion_mnist,ssb-v1-block,cnn,protocol-v3,0.8,16,2,3,132,0.001735874975565821,0.004493249987717718,550748160,0.9453125
cd9874794b1129d3,fashion_mnist,ssb-v1-block,cnn,protocol-v3,0.8,16,2,3,133,0.0017971250344999135,0.004480792034883052,550748160,0.9140625
cd9874794b1129d3,fashion_mnist,ssb-v1-block,cnn,protocol-v3,0.8,16,2,3,134,0.0018223330262117088,0.004329207993578166,550748160,0.859375
cd9874794b1129d3,fashion_mnist,ssb-v1-block,cnn,protocol-v3,0.8,16,2,3,135,0.0018113749683834612,0.004450375039596111,550748160,0.859375
cd9874794b1129d3,fashion_mnist,ssb-v1-block,cnn,protocol-v3,0.8,16,2,3,136,0.0018494169926270843,0.004487832949962467,550748160,0.90625
cd9874794b1129d3,fashion_mnist,ssb-v1-block,cnn,protocol-v3,0.8,16,2,3,137,0.0017526670126244426,0.004479416005779058,550748160,0.890625
cd9874794b1129d3,fashion_mnist,ssb-v1-block,cnn,protocol-v3,0.8,16,2,3,138,0.0017256669816561043,0.004405959043651819,550748160,0.90625
cd9874794b1129d3,fashion_mnist,ssb-v1-block,cnn,protocol-v3,0.8,16,2,3,139,0.0017972089699469507,0.0045117499539628625,550764544,0.8046875
cd9874794b1129d3,fashion_mnist,ssb-v1-block,cnn,protocol-v3,0.8,16,2,3,140,0.0017355000018142164,0.00457429199013859,550764544,0.8828125
cd9874794b1129d3,fashion_mnist,ssb-v1-block,cnn,protocol-v3,0.8,16,2,3,141,0.001799916964955628,0.0043554590083658695,550764544,0.921875
cd9874794b1129d3,fashion_mnist,ssb-v1-block,cnn,protocol-v3,0.8,16,2,3,142,0.0018427910399623215,0.004357791971415281,550764544,0.90625
cd9874794b1129d3,fashion_mnist,ssb-v1-block,cnn,protocol-v3,0.8,16,2,3,143,0.0018029999919235706,0.004260832967702299,550764544,0.90625
cd9874794b1129d3,fashion_mnist,ssb-v1-block,cnn,protocol-v3,0.8,16,2,3,144,0.001798250013962388,0.004325790971051902,550764544,0.90625
cd9874794b1129d3,fashion_mnist,ssb-v1-block,cnn,protocol-v3,0.8,16,2,3,145,0.0017386249965056777,0.004329708986915648,550764544,0.8984375
cd9874794b1129d3,fashion_mnist,ssb-v1-block,cnn,protocol-v3,0.8,16,2,3,146,0.0018216249882243574,0.004485416982788593,550764544,0.8828125
cd9874794b1129d3,fashion_mnist,ssb-v1-block,cnn,protocol-v3,0.8,16,2,3,147,0.0017937080119736493,0.004430167027749121,550764544,0.8828125
cd9874794b1129d3,fashion_mnist,ssb-v1-block,cnn,protocol-v3,0.8,16,2,3,148,0.0018537090509198606,0.004382665967568755,550764544,0.9375
cd9874794b1129d3,fashion_mnist,ssb-v1-block,cnn,protocol-v3,0.8,16,2,3,149,0.001833957969211042,0.004574333026539534,550764544,0.890625
cd9874794b1129d3,fashion_mnist,ssb-v1-block,cnn,protocol-v3,0.8,16,2,3,150,0.001736750011332333,0.004428000014740974,550764544,0.9375
cd9874794b1129d3,fashion_mnist,ssb-v1-block,cnn,protocol-v3,0.8,16,2,3,151,0.0017847080016508698,0.00428758398629725,550764544,0.890625
cd9874794b1129d3,fashion_mnist,ssb-v1-block,cnn,protocol-v3,0.8,16,2,3,152,0.0018346250290051103,0.004526457982137799,550764544,0.9375
cd9874794b1129d3,fashion_mnist,ssb-v1-block,cnn,protocol-v3,0.8,16,2,3,153,0.001782250008545816,0.004320584004744887,550764544,0.9296875
cd9874794b1129d3,fashion_mnist,ssb-v1-block,cnn,protocol-v3,0.8,16,2,3,154,0.0018689580028876662,0.004421791003551334,550764544,0.9296875
cd9874794b1129d3,fashion_mnist,ssb-v1-block,cnn,protocol-v3,0.8,16,2,3,155,0.001849583990406245,0.004435166018083692,550764544,0.8671875
cd9874794b1129d3,fashion_mnist,ssb-v1-block,cnn,protocol-v3,0.8,16,2,3,156,0.001737042039167136,0.004339999984949827,550764544,0.9140625
cd9874794b1129d3,fashion_mnist,ssb-v1-block,cnn,protocol-v3,0.8,16,2,3,157,0.0018120830063708127,0.004382874991279095,550764544,0.9453125
cd9874794b1129d3,fashion_mnist,ssb-v1-block,cnn,protocol-v3,0.8,16,2,3,158,0.001813041977584362,0.004566874995362014,550764544,0.8671875
cd9874794b1129d3,fashion_mnist,ssb-v1-block,cnn,protocol-v3,0.8,16,2,3,159,0.0018690410070121288,0.004277207946870476,550764544,0.953125
cd9874794b1129d3,fashion_mnist,ssb-v1-block,cnn,protocol-v3,0.8,16,2,3,160,0.0018725419649854302,0.004369375004898757,550764544,0.9296875
cd9874794b1129d3,fashion_mnist,ssb-v1-block,cnn,protocol-v3,0.8,16,2,3,161,0.0018505000043660402,0.004399415978696197,550764544,0.90625
cd9874794b1129d3,fashion_mnist,ssb-v1-block,cnn,protocol-v3,0.8,16,2,3,162,0.0018462499720044434,0.004107417014893144,550764544,0.8671875
cd9874794b1129d3,fashion_mnist,ssb-v1-block,cnn,protocol-v3,0.8,16,2,3,163,0.0018531249952502549,0.004479957977309823,550764544,0.8828125
cd9874794b1129d3,fashion_mnist,ssb-v1-block,cnn,protocol-v3,0.8,16,2,3,164,0.0017551250057294965,0.004367624991573393,550764544,0.8984375
cd9874794b1129d3,fashion_mnist,ssb-v1-block,cnn,protocol-v3,0.8,16,2,3,165,0.0018217500182799995,0.004439624957740307,550764544,0.890625
cd9874794b1129d3,fashion_mnist,ssb-v1-block,cnn,protocol-v3,0.8,16,2,3,166,0.0017969579785130918,0.00443091697525233,550764544,0.921875
cd9874794b1129d3,fashion_mnist,ssb-v1-block,cnn,protocol-v3,0.8,16,2,3,167,0.0018037919653579593,0.004490958992391825,550764544,0.9140625
cd9874794b1129d3,fashion_mnist,ssb-v1-block,cnn,protocol-v3,0.8,16,2,3,168,0.0018509579822421074,0.0040920000174082816,550764544,0.859375
cd9874794b1129d3,fashion_mnist,ssb-v1-block,cnn,protocol-v3,0.8,16,2,3,169,0.0018497909768484533,0.0044296670239418745,550764544,0.8828125
cd9874794b1129d3,fashion_mnist,ssb-v1-block,cnn,protocol-v3,0.8,16,2,3,170,0.0018457080004736781,0.004341916006524116,550764544,0.90625
cd9874794b1129d3,fashion_mnist,ssb-v1-block,cnn,protocol-v3,0.8,16,2,3,171,0.0017311249976046383,0.004290457989554852,550764544,0.875
cd9874794b1129d3,fashion_mnist,ssb-v1-block,cnn,protocol-v3,0.8,16,2,3,172,0.0017314169672317803,0.004307999974116683,550764544,0.9375
cd9874794b1129d3,fashion_mnist,ssb-v1-block,cnn,protocol-v3,0.8,16,2,3,173,0.001734166988171637,0.00457933300640434,550764544,0.8671875
cd9874794b1129d3,fashion_mnist,ssb-v1-block,cnn,protocol-v3,0.8,16,2,3,174,0.0017878749640658498,0.004471291962545365,550764544,0.9453125
cd9874794b1129d3,fashion_mnist,ssb-v1-block,cnn,protocol-v3,0.8,16,2,3,175,0.0018180410261265934,0.004452917026355863,550764544,0.9375
cd9874794b1129d3,fashion_mnist,ssb-v1-block,cnn,protocol-v3,0.8,16,2,3,176,0.0019211249891668558,0.004493458021897823,550764544,0.8828125
cd9874794b1129d3,fashion_mnist,ssb-v1-block,cnn,protocol-v3,0.8,16,2,3,177,0.001788749999832362,0.004322666034568101,550764544,0.9296875
cd9874794b1129d3,fashion_mnist,ssb-v1-block,cnn,protocol-v3,0.8,16,2,3,178,0.001849207968916744,0.00431841699173674,550764544,0.90625
cd9874794b1129d3,fashion_mnist,ssb-v1-block,cnn,protocol-v3,0.8,16,2,3,179,0.0017480840324424207,0.004215291992295533,550780928,0.9140625
cd9874794b1129d3,fashion_mnist,ssb-v1-block,cnn,protocol-v3,0.8,16,2,3,180,0.0017992500215768814,0.004522583039943129,550780928,0.8671875
cd9874794b1129d3,fashion_mnist,ssb-v1-block,cnn,protocol-v3,0.8,16,2,3,181,0.0017726249643601477,0.004371832998003811,550780928,0.890625
cd9874794b1129d3,fashion_mnist,ssb-v1-block,cnn,protocol-v3,0.8,16,2,3,182,0.0017992919893004,0.004350957984570414,550780928,0.8671875
cd9874794b1129d3,fashion_mnist,ssb-v1-block,cnn,protocol-v3,0.8,16,2,3,183,0.001804666011594236,0.004459707997739315,550780928,0.921875
cd9874794b1129d3,fashion_mnist,ssb-v1-block,cnn,protocol-v3,0.8,16,2,3,184,0.0017930829781107605,0.004433833004441112,550780928,0.9140625
cd9874794b1129d3,fashion_mnist,ssb-v1-block,cnn,protocol-v3,0.8,16,2,3,185,0.0017909579910337925,0.004453708010260016,550780928,0.8984375
cd9874794b1129d3,fashion_mnist,ssb-v1-block,cnn,protocol-v3,0.8,16,2,3,186,0.0017327499808743596,0.004551208985503763,550780928,0.828125
cd9874794b1129d3,fashion_mnist,ssb-v1-block,cnn,protocol-v3,0.8,16,2,3,187,0.0017771249986253679,0.004481708980165422,550780928,0.9296875
cd9874794b1129d3,fashion_mnist,ssb-v1-block,cnn,protocol-v3,0.8,16,2,3,188,0.001793458010070026,0.0044224170269444585,550780928,0.890625
cd9874794b1129d3,fashion_mnist,ssb-v1-block,cnn,protocol-v3,0.8,16,2,3,189,0.0018457500264048576,0.0045295830350369215,550780928,0.8984375
cd9874794b1129d3,fashion_mnist,ssb-v1-block,cnn,protocol-v3,0.8,16,2,3,190,0.001851749955676496,0.004390833026263863,550780928,0.9140625
cd9874794b1129d3,fashion_mnist,ssb-v1-block,cnn,protocol-v3,0.8,16,2,3,191,0.0017462919931858778,0.00439670798368752,550780928,0.9296875
cd9874794b1129d3,fashion_mnist,ssb-v1-block,cnn,protocol-v3,0.8,16,2,3,192,0.001734208024572581,0.004289458971470594,550780928,0.9140625
cd9874794b1129d3,fashion_mnist,ssb-v1-block,cnn,protocol-v3,0.8,16,2,3,193,0.0018070830265060067,0.004490333958528936,550797312,0.90625
cd9874794b1129d3,fashion_mnist,ssb-v1-block,cnn,protocol-v3,0.8,16,2,3,194,0.0018017079564742744,0.004450624983292073,550797312,0.90625
cd9874794b1129d3,fashion_mnist,ssb-v1-block,cnn,protocol-v3,0.8,16,2,3,195,0.0017970839980989695,0.0045498330146074295,550797312,0.8984375
cd9874794b1129d3,fashion_mnist,ssb-v1-block,cnn,protocol-v3,0.8,16,2,3,196,0.0018518330180086195,0.0044119160156697035,550797312,0.8984375
cd9874794b1129d3,fashion_mnist,ssb-v1-block,cnn,protocol-v3,0.8,16,2,3,197,0.0018433749792166054,0.004189500003121793,550797312,0.890625
cd9874794b1129d3,fashion_mnist,ssb-v1-block,cnn,protocol-v3,0.8,16,2,3,198,0.0018459580023773015,0.004334583994932473,550797312,0.9453125
cd9874794b1129d3,fashion_mnist,ssb-v1-block,cnn,protocol-v3,0.8,16,2,3,199,0.0017427909770049155,0.006693082978017628,550797312,0.8671875
cd9874794b1129d3,fashion_mnist,ssb-v1-block,cnn,protocol-v3,0.8,16,2,3,200,0.001794499985408038,0.004269500030204654,550797312,0.8984375
cd9874794b1129d3,fashion_mnist,ssb-v1-block,cnn,protocol-v3,0.8,16,2,3,201,0.0018203749787062407,0.004311707976739854,550797312,0.8984375
cd9874794b1129d3,fashion_mnist,ssb-v1-block,cnn,protocol-v3,0.8,16,2,3,202,0.0017705830396153033,0.004494583001360297,550797312,0.84375
cd9874794b1129d3,fashion_mnist,ssb-v1-block,cnn,protocol-v3,0.8,16,2,3,203,0.0017737090238370001,0.004258041037246585,550797312,0.8984375
cd9874794b1129d3,fashion_mnist,ssb-v1-block,cnn,protocol-v3,0.8,16,2,3,204,0.0017922499682754278,0.004633250006008893,550797312,0.8828125
cd9874794b1129d3,fashion_mnist,ssb-v1-block,cnn,protocol-v3,0.8,16,2,3,205,0.0018400830449536443,0.00447375001385808,550797312,0.859375
cd9874794b1129d3,fashion_mnist,ssb-v1-block,cnn,protocol-v3,0.8,16,2,3,206,0.001842666999436915,0.004356833000201732,550797312,0.9140625
cd9874794b1129d3,fashion_mnist,ssb-v1-block,cnn,protocol-v3,0.8,16,2,3,207,0.0017144589801318944,0.004349499999079853,550797312,0.8828125
cd9874794b1129d3,fashion_mnist,ssb-v1-block,cnn,protocol-v3,0.8,16,2,3,208,0.0018062079907394946,0.004375375050585717,550797312,0.90625
cd9874794b1129d3,fashion_mnist,ssb-v1-block,cnn,protocol-v3,0.8,16,2,3,209,0.0017807920230552554,0.004418791038915515,550797312,0.9296875
cd9874794b1129d3,fashion_mnist,ssb-v1-block,cnn,protocol-v3,0.8,16,2,3,210,0.0017947920132428408,0.004485040961299092,550797312,0.8984375
cd9874794b1129d3,fashion_mnist,ssb-v1-block,cnn,protocol-v3,0.8,16,2,3,211,0.0017929999739862978,0.004518083995208144,550797312,0.890625
cd9874794b1129d3,fashion_mnist,ssb-v1-block,cnn,protocol-v3,0.8,16,2,3,212,0.0018520830199122429,0.004432749992702156,550797312,0.9296875
cd9874794b1129d3,fashion_mnist,ssb-v1-block,cnn,protocol-v3,0.8,16,2,3,213,0.0018310419982299209,0.004462915996555239,550797312,0.8828125
cd9874794b1129d3,fashion_mnist,ssb-v1-block,cnn,protocol-v3,0.8,16,2,3,214,0.0017350420239381492,0.004495083005167544,550797312,0.9375
cd9874794b1129d3,fashion_mnist,ssb-v1-block,cnn,protocol-v3,0.8,16,2,3,215,0.0018066249904222786,0.004371083981823176,550797312,0.9140625
cd9874794b1129d3,fashion_mnist,ssb-v1-block,cnn,protocol-v3,0.8,16,2,3,216,0.0017903330153785646,0.004406167019624263,550797312,0.953125
cd9874794b1129d3,fashion_mnist,ssb-v1-block,cnn,protocol-v3,0.8,16,2,3,217,0.001792458991985768,0.004300749977119267,550797312,0.8671875
cd9874794b1129d3,fashion_mnist,ssb-v1-block,cnn,protocol-v3,0.8,16,2,3,218,0.0018475829856470227,0.004540207970421761,550797312,0.8515625
cd9874794b1129d3,fashion_mnist,ssb-v1-block,cnn,protocol-v3,0.8,16,2,3,219,0.001857832947280258,0.004300833970773965,550797312,0.8828125
cd9874794b1129d3,fashion_mnist,ssb-v1-block,cnn,protocol-v3,0.8,16,2,3,220,0.0017395419999957085,0.004398708988446742,550797312,0.8984375
cd9874794b1129d3,fashion_mnist,ssb-v1-block,cnn,protocol-v3,0.8,16,2,3,221,0.0018109999946318567,0.004338624945376068,550797312,0.9375
cd9874794b1129d3,fashion_mnist,ssb-v1-block,cnn,protocol-v3,0.8,16,2,3,222,0.0017959169927053154,0.004550665966235101,550797312,0.9453125
cd9874794b1129d3,fashion_mnist,ssb-v1-block,cnn,protocol-v3,0.8,16,2,3,223,0.0018034999957308173,0.004639416991267353,550797312,0.8984375
cd9874794b1129d3,fashion_mnist,ssb-v1-block,cnn,protocol-v3,0.8,16,2,3,224,0.0017995000234805048,0.004359957994893193,550797312,0.921875
cd9874794b1129d3,fashion_mnist,ssb-v1-block,cnn,protocol-v3,0.8,16,2,3,225,0.0018447500187903643,0.004365583008620888,550797312,0.9296875
cd9874794b1129d3,fashion_mnist,ssb-v1-block,cnn,protocol-v3,0.8,16,2,3,226,0.001848875021096319,0.0045824170229025185,550797312,0.890625
cd9874794b1129d3,fashion_mnist,ssb-v1-block,cnn,protocol-v3,0.8,16,2,3,227,0.0017915830248966813,0.004497584013734013,550797312,0.8515625
cd9874794b1129d3,fashion_mnist,ssb-v1-block,cnn,protocol-v3,0.8,16,2,3,228,0.0018003330333158374,0.004407749976962805,550797312,0.9140625
cd9874794b1129d3,fashion_mnist,ssb-v1-block,cnn,protocol-v3,0.8,16,2,3,229,0.0018075000261887908,0.004297374980524182,550797312,0.9140625
cd9874794b1129d3,fashion_mnist,ssb-v1-block,cnn,protocol-v3,0.8,16,2,3,230,0.0017986249877139926,0.004425749997608364,550797312,0.8984375
cd9874794b1129d3,fashion_mnist,ssb-v1-block,cnn,protocol-v3,0.8,16,2,3,231,0.0018588749808259308,0.004384084022603929,550797312,0.9296875
cd9874794b1129d3,fashion_mnist,ssb-v1-block,cnn,protocol-v3,0.8,16,2,3,232,0.0018498749705031514,0.004474250017665327,550797312,0.8359375
cd9874794b1129d3,fashion_mnist,ssb-v1-block,cnn,protocol-v3,0.8,16,2,3,233,0.001719249994494021,0.004199374991003424,550797312,0.9375
cd9874794b1129d3,fashion_mnist,ssb-v1-block,cnn,protocol-v3,0.8,16,2,3,234,0.0017542919958941638,0.004421124991495162,550797312,0.96875
cd9874794b1129d3,fashion_mnist,ssb-v1-block,cnn,protocol-v3,0.8,16,2,3,235,0.0017252079560421407,0.004457624978385866,550797312,0.8828125
cd9874794b1129d3,fashion_mnist,ssb-v1-block,cnn,protocol-v3,0.8,16,2,3,236,0.0017757919849827886,0.004592125013004988,550797312,0.890625
cd9874794b1129d3,fashion_mnist,ssb-v1-block,cnn,protocol-v3,0.8,16,2,3,237,0.001784082967787981,0.004477332986425608,550797312,0.90625
cd9874794b1129d3,fashion_mnist,ssb-v1-block,cnn,protocol-v3,0.8,16,2,3,238,0.0018982500187121332,0.004401540965773165,550797312,0.9375
cd9874794b1129d3,fashion_mnist,ssb-v1-block,cnn,protocol-v3,0.8,16,2,3,239,0.0018490410293452442,0.004401457961648703,550797312,0.890625
cd9874794b1129d3,fashion_mnist,ssb-v1-block,cnn,protocol-v3,0.8,16,2,3,240,0.001833749993238598,0.004316249978728592,550797312,0.859375
cd9874794b1129d3,fashion_mnist,ssb-v1-block,cnn,protocol-v3,0.8,16,2,3,241,0.0017324580112472177,0.004429207998327911,550797312,0.8984375
cd9874794b1129d3,fashion_mnist,ssb-v1-block,cnn,protocol-v3,0.8,16,2,3,242,0.0017776659806258976,0.004440791963133961,550797312,0.9375
cd9874794b1129d3,fashion_mnist,ssb-v1-block,cnn,protocol-v3,0.8,16,2,3,243,0.0018001249991357327,0.004468749975785613,550797312,0.8671875
cd9874794b1129d3,fashion_mnist,ssb-v1-block,cnn,protocol-v3,0.8,16,2,3,244,0.0018622499774210155,0.004536250024102628,550797312,0.8828125
cd9874794b1129d3,fashion_mnist,ssb-v1-block,cnn,protocol-v3,0.8,16,2,3,245,0.001847374951466918,0.004428000014740974,550797312,0.890625
cd9874794b1129d3,fashion_mnist,ssb-v1-block,cnn,protocol-v3,0.8,16,2,3,246,0.001738874998409301,0.004309792013373226,550797312,0.8984375
cd9874794b1129d3,fashion_mnist,ssb-v1-block,cnn,protocol-v3,0.8,16,2,3,247,0.0017925419961102307,0.00439095898764208,550797312,0.8984375
cd9874794b1129d3,fashion_mnist,ssb-v1-block,cnn,protocol-v3,0.8,16,2,3,248,0.0018295829650014639,0.004189083992969245,550797312,0.921875
cd9874794b1129d3,fashion_mnist,ssb-v1-block,cnn,protocol-v3,0.8,16,2,3,249,0.001801416976377368,0.0044339579762890935,550813696,0.875
cd9874794b1129d3,fashion_mnist,ssb-v1-block,cnn,protocol-v3,0.8,16,2,3,250,0.0017932910122908652,0.004471082997042686,550813696,0.9375
cd9874794b1129d3,fashion_mnist,ssb-v1-block,cnn,protocol-v3,0.8,16,2,3,251,0.0018420839915052056,0.004343624983448535,550813696,0.9296875
cd9874794b1129d3,fashion_mnist,ssb-v1-block,cnn,protocol-v3,0.8,16,2,3,252,0.0018382919952273369,0.004289500007871538,550813696,0.8828125
cd9874794b1129d3,fashion_mnist,ssb-v1-block,cnn,protocol-v3,0.8,16,2,3,253,0.0017383749946020544,0.004348291957285255,550813696,0.8984375
cd9874794b1129d3,fashion_mnist,ssb-v1-block,cnn,protocol-v3,0.8,16,2,3,254,0.0018447500187903643,0.004439375014044344,550813696,0.8984375
cd9874794b1129d3,fashion_mnist,ssb-v1-block,cnn,protocol-v3,0.8,16,2,3,255,0.0018065000185742974,0.004275791987311095,550813696,0.90625
cd9874794b1129d3,fashion_mnist,ssb-v1-block,cnn,protocol-v3,0.8,16,2,3,256,0.0017888749716803432,0.004334249999374151,550813696,0.8984375
cd9874794b1129d3,fashion_mnist,ssb-v1-block,cnn,protocol-v3,0.8,16,2,3,257,0.0018011669744737446,0.004579374974127859,550813696,0.90625
cd9874794b1129d3,fashion_mnist,ssb-v1-block,cnn,protocol-v3,0.8,16,2,3,258,0.0017845419934019446,0.004506500030402094,550813696,0.890625
cd9874794b1129d3,fashion_mnist,ssb-v1-block,cnn,protocol-v3,0.8,16,2,3,259,0.0017737090238370001,0.004430792003404349,550813696,0.9140625
cd9874794b1129d3,fashion_mnist,ssb-v1-block,cnn,protocol-v3,0.8,16,2,3,260,0.0017312499694526196,0.004340708022937179,550813696,0.875
cd9874794b1129d3,fashion_mnist,ssb-v1-block,cnn,protocol-v3,0.8,16,2,3,261,0.001773540978319943,0.004512207990046591,550813696,0.9375
cd9874794b1129d3,fashion_mnist,ssb-v1-block,cnn,protocol-v3,0.8,16,2,3,262,0.00179462501546368,0.004480707983020693,550813696,0.875
cd9874794b1129d3,fashion_mnist,ssb-v1-block,cnn,protocol-v3,0.8,16,2,3,263,0.0019409170490689576,0.004544499970506877,550830080,0.8984375
cd9874794b1129d3,fashion_mnist,ssb-v1-block,cnn,protocol-v3,0.8,16,2,3,264,0.0018614170257933438,0.004365542030427605,550830080,0.875
cd9874794b1129d3,fashion_mnist,ssb-v1-block,cnn,protocol-v3,0.8,16,2,3,265,0.001835874980315566,0.004324832989368588,550846464,0.875
cd9874794b1129d3,fashion_mnist,ssb-v1-block,cnn,protocol-v3,0.8,16,2,3,266,0.0018327920115552843,0.004237790999468416,550846464,0.9140625
cd9874794b1129d3,fashion_mnist,ssb-v1-block,cnn,protocol-v3,0.8,16,2,3,267,0.0018039580318145454,0.004275291983503848,550846464,0.9296875
cd9874794b1129d3,fashion_mnist,ssb-v1-block,cnn,protocol-v3,0.8,16,2,3,268,0.0018425830057822168,0.004478082992136478,550846464,0.921875
cd9874794b1129d3,fashion_mnist,ssb-v1-block,cnn,protocol-v3,0.8,16,2,3,269,0.0017150829662568867,0.004340000043157488,550846464,0.9296875
cd9874794b1129d3,fashion_mnist,ssb-v1-block,cnn,protocol-v3,0.8,16,2,3,270,0.001728333008941263,0.004389334004372358,550846464,0.875
cd9874794b1129d3,fashion_mnist,ssb-v1-block,cnn,protocol-v3,0.8,16,2,3,271,0.001777291006874293,0.004409083048813045,550846464,0.8984375
cd9874794b1129d3,fashion_mnist,ssb-v1-block,cnn,protocol-v3,0.8,16,2,3,272,0.0017872499884106219,0.0044230829807929695,550862848,0.9375
cd9874794b1129d3,fashion_mnist,ssb-v1-block,cnn,protocol-v3,0.8,16,2,3,273,0.0017943340353667736,0.004279208020307124,550862848,0.8984375
cd9874794b1129d3,fashion_mnist,ssb-v1-block,cnn,protocol-v3,0.8,16,2,3,274,0.0018156669684685767,0.0044930000440217555,550862848,0.9140625
cd9874794b1129d3,fashion_mnist,ssb-v1-block,cnn,protocol-v3,0.8,16,2,3,275,0.0017925830325111747,0.004379165999125689,550862848,0.9140625
cd9874794b1129d3,fashion_mnist,ssb-v1-block,cnn,protocol-v3,0.8,16,2,3,276,0.001833332993555814,0.004349208029452711,550862848,0.890625
cd9874794b1129d3,fashion_mnist,ssb-v1-block,cnn,protocol-v3,0.8,16,2,3,277,0.0018578749732114375,0.004416333977133036,550862848,0.9296875
cd9874794b1129d3,fashion_mnist,ssb-v1-block,cnn,protocol-v3,0.8,16,2,3,278,0.0018501249724067748,0.004477375012356788,550879232,0.90625
cd9874794b1129d3,fashion_mnist,ssb-v1-block,cnn,protocol-v3,0.8,16,2,3,279,0.001780083985067904,0.00446999998530373,550879232,0.8984375
cd9874794b1129d3,fashion_mnist,ssb-v1-block,cnn,protocol-v3,0.8,16,2,3,280,0.001791750022675842,0.004434250004123896,550879232,0.8515625
cd9874794b1129d3,fashion_mnist,ssb-v1-block,cnn,protocol-v3,0.8,16,2,3,281,0.001847042003646493,0.0045016660005785525,550879232,0.90625
cd9874794b1129d3,fashion_mnist,ssb-v1-block,cnn,protocol-v3,0.8,16,2,3,282,0.0017937500379048288,0.004348832997493446,550879232,0.8828125
cd9874794b1129d3,fashion_mnist,ssb-v1-block,cnn,protocol-v3,0.8,16,2,3,283,0.0017365000094287097,0.004263500042725354,550895616,0.8828125
cd9874794b1129d3,fashion_mnist,ssb-v1-block,cnn,protocol-v3,0.8,16,2,3,284,0.00180004199501127,0.00446754100266844,550895616,0.875
cd9874794b1129d3,fashion_mnist,ssb-v1-block,cnn,protocol-v3,0.8,16,2,3,285,0.0017884589615277946,0.004439165990334004,550895616,0.890625
cd9874794b1129d3,fashion_mnist,ssb-v1-block,cnn,protocol-v3,0.8,16,2,3,286,0.0017913340125232935,0.00446249998640269,550912000,0.9140625
cd9874794b1129d3,fashion_mnist,ssb-v1-block,cnn,protocol-v3,0.8,16,2,3,287,0.0018033749656751752,0.004232125007547438,550912000,0.9296875
cd9874794b1129d3,fashion_mnist,ssb-v1-block,cnn,protocol-v3,0.8,16,2,3,288,0.0017873330507427454,0.004399708996061236,550912000,0.921875
cd9874794b1129d3,fashion_mnist,ssb-v1-block,cnn,protocol-v3,0.8,16,2,3,289,0.0018467909540049732,0.004403666011057794,550912000,0.9140625
cd9874794b1129d3,fashion_mnist,ssb-v1-block,cnn,protocol-v3,0.8,16,2,3,290,0.001836624986026436,0.004431958019267768,550912000,0.8984375
cd9874794b1129d3,fashion_mnist,ssb-v1-block,cnn,protocol-v3,0.8,16,2,3,291,0.0017385410028509796,0.004362582985777408,550912000,0.8828125
cd9874794b1129d3,fashion_mnist,ssb-v1-block,cnn,protocol-v3,0.8,16,2,3,292,0.0017392499721609056,0.004361666971817613,550912000,0.921875
cd9874794b1129d3,fashion_mnist,ssb-v1-block,cnn,protocol-v3,0.8,16,2,3,293,0.0018479999853298068,0.004360208986327052,550879232,0.9140625
cd9874794b1129d3,fashion_mnist,ssb-v1-block,cnn,protocol-v3,0.8,16,2,3,294,0.001726958027575165,0.004413084010593593,550879232,0.8828125
cd9874794b1129d3,fashion_mnist,ssb-v1-block,cnn,protocol-v3,0.8,16,2,3,295,0.0017646250198595226,0.004449042025953531,550879232,0.890625
cd9874794b1129d3,fashion_mnist,ssb-v1-block,cnn,protocol-v3,0.8,16,2,3,296,0.0017720420146360993,0.004458624986000359,550879232,0.9296875
cd9874794b1129d3,fashion_mnist,ssb-v1-block,cnn,protocol-v3,0.8,16,2,3,297,0.0017926250002346933,0.004253917024470866,550879232,0.8984375
cd9874794b1129d3,fashion_mnist,ssb-v1-block,cnn,protocol-v3,0.8,16,2,3,298,0.0017842089873738587,0.004529000027105212,550879232,0.890625
cd9874794b1129d3,fashion_mnist,ssb-v1-block,cnn,protocol-v3,0.8,16,2,3,299,0.0018404159927740693,0.004421040997840464,550895616,0.890625
cd9874794b1129d3,fashion_mnist,ssb-v1-block,cnn,protocol-v3,0.8,16,2,3,300,0.0018472090014256537,0.0045780419604852796,550895616,0.9375
cd9874794b1129d3,fashion_mnist,ssb-v1-block,cnn,protocol-v3,0.8,16,2,3,301,0.0017299579922109842,0.004358040983788669,550895616,0.9140625
cd9874794b1129d3,fashion_mnist,ssb-v1-block,cnn,protocol-v3,0.8,16,2,3,302,0.0018272500019520521,0.004409542016219348,550895616,0.921875
cd9874794b1129d3,fashion_mnist,ssb-v1-block,cnn,protocol-v3,0.8,16,2,3,303,0.001784416032023728,0.004524499992839992,550895616,0.921875
cd9874794b1129d3,fashion_mnist,ssb-v1-block,cnn,protocol-v3,0.8,16,2,3,304,0.001802499988116324,0.004248915996868163,550895616,0.9140625
cd9874794b1129d3,fashion_mnist,ssb-v1-block,cnn,protocol-v3,0.8,16,2,3,305,0.0018033749656751752,0.004555791965685785,550895616,0.90625
cd9874794b1129d3,fashion_mnist,ssb-v1-block,cnn,protocol-v3,0.8,16,2,3,306,0.001869542000349611,0.004421333025675267,550895616,0.875
cd9874794b1129d3,fashion_mnist,ssb-v1-block,cnn,protocol-v3,0.8,16,2,3,307,0.001797917007934302,0.0044560839887708426,550895616,0.90625
cd9874794b1129d3,fashion_mnist,ssb-v1-block,cnn,protocol-v3,0.8,16,2,3,308,0.0017863329849205911,0.004375624994281679,550895616,0.921875
cd9874794b1129d3,fashion_mnist,ssb-v1-block,cnn,protocol-v3,0.8,16,2,3,309,0.0017790840356610715,0.004472500004339963,550895616,0.90625
cd9874794b1129d3,fashion_mnist,ssb-v1-block,cnn,protocol-v3,0.8,16,2,3,310,0.0018070410005748272,0.004381125036161393,550895616,0.921875
cd9874794b1129d3,fashion_mnist,ssb-v1-block,cnn,protocol-v3,0.8,16,2,3,311,0.0018526670173741877,0.004282958048861474,550895616,0.8984375
cd9874794b1129d3,fashion_mnist,ssb-v1-block,cnn,protocol-v3,0.8,16,2,3,312,0.0018425000016577542,0.004431249981280416,550895616,0.9375
cd9874794b1129d3,fashion_mnist,ssb-v1-block,cnn,protocol-v3,0.8,16,2,3,313,0.0018303749966435134,0.004481292038690299,550912000,0.9453125
cd9874794b1129d3,fashion_mnist,ssb-v1-block,cnn,protocol-v3,0.8,16,2,3,314,0.0017082080012187362,0.004387166991364211,550912000,0.875
cd9874794b1129d3,fashion_mnist,ssb-v1-block,cnn,protocol-v3,0.8,16,2,3,315,0.0018865830497816205,0.004426209023222327,550928384,0.90625
cd9874794b1129d3,fashion_mnist,ssb-v1-block,cnn,protocol-v3,0.8,16,2,3,316,0.0017916670185513794,0.004308083967771381,550928384,0.9140625
cd9874794b1129d3,fashion_mnist,ssb-v1-block,cnn,protocol-v3,0.8,16,2,3,317,0.0017967920284718275,0.004501499992329627,550928384,0.8515625
cd9874794b1129d3,fashion_mnist,ssb-v1-block,cnn,protocol-v3,0.8,16,2,3,318,0.0017999999690800905,0.004427207983098924,550928384,0.90625
cd9874794b1129d3,fashion_mnist,ssb-v1-block,cnn,protocol-v3,0.8,16,2,3,319,0.0017319170292466879,0.004331375006586313,550928384,0.9453125
cd9874794b1129d3,fashion_mnist,ssb-v1-block,cnn,protocol-v3,0.8,16,2,3,320,0.0017331659910269082,0.00428866600850597,550928384,0.9765625
cd9874794b1129d3,fashion_mnist,ssb-v1-block,cnn,protocol-v3,0.8,16,2,3,321,0.0017466669669374824,0.004433499998413026,550928384,0.9296875
cd9874794b1129d3,fashion_mnist,ssb-v1-block,cnn,protocol-v3,0.8,16,2,3,322,0.0017380420467816293,0.004326542024500668,550928384,0.921875
cd9874794b1129d3,fashion_mnist,ssb-v1-block,cnn,protocol-v3,0.8,16,2,3,323,0.0017999999690800905,0.004405999963637441,550928384,0.8671875
cd9874794b1129d3,fashion_mnist,ssb-v1-block,cnn,protocol-v3,0.8,16,2,3,324,0.001801875012461096,0.004514540953096002,550928384,0.9140625
cd9874794b1129d3,fashion_mnist,ssb-v1-block,cnn,protocol-v3,0.8,16,2,3,325,0.0018070419901050627,0.0044618750107474625,550928384,0.8671875
cd9874794b1129d3,fashion_mnist,ssb-v1-block,cnn,protocol-v3,0.8,16,2,3,326,0.0017934999777935445,0.0042577090207487345,550928384,0.8984375
cd9874794b1129d3,fashion_mnist,ssb-v1-block,cnn,protocol-v3,0.8,16,2,3,327,0.0017965000006370246,0.004278125008568168,550928384,0.921875
cd9874794b1129d3,fashion_mnist,ssb-v1-block,cnn,protocol-v3,0.8,16,2,3,328,0.0018346660071983933,0.004508125013671815,550928384,0.90625
cd9874794b1129d3,fashion_mnist,ssb-v1-block,cnn,protocol-v3,0.8,16,2,3,329,0.0017859999788925052,0.004462417040485889,550928384,0.9375
cd9874794b1129d3,fashion_mnist,ssb-v1-block,cnn,protocol-v3,0.8,16,2,3,330,0.001745334011502564,0.004418166005052626,550928384,0.9296875
cd9874794b1129d3,fashion_mnist,ssb-v1-block,cnn,protocol-v3,0.8,16,2,3,331,0.0017877499922178686,0.004305541981011629,550928384,0.90625
cd9874794b1129d3,fashion_mnist,ssb-v1-block,cnn,protocol-v3,0.8,16,2,3,332,0.0018071249942295253,0.004363999993074685,550944768,0.9296875
cd9874794b1129d3,fashion_mnist,ssb-v1-block,cnn,protocol-v3,0.8,16,2,3,333,0.00179387500975281,0.004475291993003339,550944768,0.890625
cd9874794b1129d3,fashion_mnist,ssb-v1-block,cnn,protocol-v3,0.8,16,2,3,334,0.0017918330268003047,0.0045794579782523215,550961152,0.8828125
cd9874794b1129d3,fashion_mnist,ssb-v1-block,cnn,protocol-v3,0.8,16,2,3,335,0.0017918329685926437,0.004452333028893918,550961152,0.8984375
cd9874794b1129d3,fashion_mnist,ssb-v1-block,cnn,protocol-v3,0.8,16,2,3,336,0.0018672079895623028,0.004316832986660302,550961152,0.8828125
cd9874794b1129d3,fashion_mnist,ssb-v1-block,cnn,protocol-v3,0.8,16,2,3,337,0.0018448749906383455,0.0044705830514431,550961152,0.90625
cd9874794b1129d3,fashion_mnist,ssb-v1-block,cnn,protocol-v3,0.8,16,2,3,338,0.001795708027202636,0.004204083001241088,550961152,0.875
cd9874794b1129d3,fashion_mnist,ssb-v1-block,cnn,protocol-v3,0.8,16,2,3,339,0.001838041003793478,0.004407833970617503,550961152,0.921875
cd9874794b1129d3,fashion_mnist,ssb-v1-block,cnn,protocol-v3,0.8,16,2,3,340,0.0017502080299891531,0.00441187503747642,550977536,0.90625
cd9874794b1129d3,fashion_mnist,ssb-v1-block,cnn,protocol-v3,0.8,16,2,3,341,0.0017839590436778963,0.004140041011851281,550977536,0.8984375
cd9874794b1129d3,fashion_mnist,ssb-v1-block,cnn,protocol-v3,0.8,16,2,3,342,0.001783000014256686,0.004212083003949374,550977536,0.9140625
cd9874794b1129d3,fashion_mnist,ssb-v1-block,cnn,protocol-v3,0.8,16,2,3,343,0.00180004199501127,0.004384499974548817,550977536,0.9140625
cd9874794b1129d3,fashion_mnist,ssb-v1-block,cnn,protocol-v3,0.8,16,2,3,344,0.001796416996512562,0.004471458029001951,550977536,0.8984375
cd9874794b1129d3,fashion_mnist,ssb-v1-block,cnn,protocol-v3,0.8,16,2,3,345,0.0018491660011932254,0.004515959008131176,550977536,0.9296875
cd9874794b1129d3,fashion_mnist,ssb-v1-block,cnn,protocol-v3,0.8,16,2,3,346,0.001859084004536271,0.0045957909896969795,550977536,0.90625
cd9874794b1129d3,fashion_mnist,ssb-v1-block,cnn,protocol-v3,0.8,16,2,3,347,0.0017348750261589885,0.004458124982193112,550977536,0.8828125
cd9874794b1129d3,fashion_mnist,ssb-v1-block,cnn,protocol-v3,0.8,16,2,3,348,0.0017873330507427454,0.004415125004015863,550977536,0.9140625
cd9874794b1129d3,fashion_mnist,ssb-v1-block,cnn,protocol-v3,0.8,16,2,3,349,0.0017921249964274466,0.0043047499493695796,550977536,0.9296875
cd9874794b1129d3,fashion_mnist,ssb-v1-block,cnn,protocol-v3,0.8,16,2,3,350,0.0017788339755497873,0.0044560839887708426,550977536,0.875
cd9874794b1129d3,fashion_mnist,ssb-v1-block,cnn,protocol-v3,0.8,16,2,3,351,0.0018075419939123094,0.004575083032250404,550977536,0.8671875
cd9874794b1129d3,fashion_mnist,ssb-v1-block,cnn,protocol-v3,0.8,16,2,3,352,0.0018308750004507601,0.004435374983586371,550977536,0.828125
cd9874794b1129d3,fashion_mnist,ssb-v1-block,cnn,protocol-v3,0.8,16,2,3,353,0.0017978750402107835,0.004310124961193651,550977536,0.9140625
cd9874794b1129d3,fashion_mnist,ssb-v1-block,cnn,protocol-v3,0.8,16,2,3,354,0.0017813339945860207,0.004462708020582795,550977536,0.8671875
cd9874794b1129d3,fashion_mnist,ssb-v1-block,cnn,protocol-v3,0.8,16,2,3,355,0.0017176249530166388,0.004369999980553985,550977536,0.8984375
cd9874794b1129d3,fashion_mnist,ssb-v1-block,cnn,protocol-v3,0.8,16,2,3,356,0.001789500005543232,0.0044050420401617885,550977536,0.890625
cd9874794b1129d3,fashion_mnist,ssb-v1-block,cnn,protocol-v3,0.8,16,2,3,357,0.001784833031706512,0.004471708962228149,550977536,0.921875
cd9874794b1129d3,fashion_mnist,ssb-v1-block,cnn,protocol-v3,0.8,16,2,3,358,0.0017992919893004,0.004586041031870991,550993920,0.9296875
cd9874794b1129d3,fashion_mnist,ssb-v1-block,cnn,protocol-v3,0.8,16,2,3,359,0.0017223339527845383,0.004278792010154575,550993920,0.8515625
cd9874794b1129d3,fashion_mnist,ssb-v1-block,cnn,protocol-v3,0.8,16,2,3,360,0.001844500016886741,0.004467958002351224,550993920,0.9296875
cd9874794b1129d3,fashion_mnist,ssb-v1-block,cnn,protocol-v3,0.8,16,2,3,361,0.00181124999653548,0.0044680830324068666,550993920,0.9140625
cd9874794b1129d3,fashion_mnist,ssb-v1-block,cnn,protocol-v3,0.8,16,2,3,362,0.0017263750196434557,0.004333374963607639,550993920,0.9375
cd9874794b1129d3,fashion_mnist,ssb-v1-block,cnn,protocol-v3,0.8,16,2,3,363,0.001794292009435594,0.004449708038009703,551010304,0.8828125
cd9874794b1129d3,fashion_mnist,ssb-v1-block,cnn,protocol-v3,0.8,16,2,3,364,0.0017881660023704171,0.004420874989591539,551010304,0.9140625
cd9874794b1129d3,fashion_mnist,ssb-v1-block,cnn,protocol-v3,0.8,16,2,3,365,0.0018083749455399811,0.004451374989002943,551010304,0.9296875
cd9874794b1129d3,fashion_mnist,ssb-v1-block,cnn,protocol-v3,0.8,16,2,3,366,0.0018449159688316286,0.004342833010014147,551010304,0.9296875
cd9874794b1129d3,fashion_mnist,ssb-v1-block,cnn,protocol-v3,0.8,16,2,3,367,0.0018472920055501163,0.004326125024817884,551010304,0.890625
cd9874794b1129d3,fashion_mnist,ssb-v1-block,cnn,protocol-v3,0.8,16,2,3,368,0.0018547499785199761,0.004383667022921145,551010304,0.9296875
cd9874794b1129d3,fashion_mnist,ssb-v1-block,cnn,protocol-v3,0.8,16,2,3,369,0.0017891249735839665,0.0043651669984683394,551010304,0.9296875
cd9874794b1129d3,fashion_mnist,ssb-v1-block,cnn,protocol-v3,0.8,16,2,3,370,0.0017965409788303077,0.004427541978657246,551010304,0.921875
cd9874794b1129d3,fashion_mnist,ssb-v1-block,cnn,protocol-v3,0.8,16,2,3,371,0.0017969160107895732,0.0044133340124972165,551010304,0.9375
cd9874794b1129d3,fashion_mnist,ssb-v1-block,cnn,protocol-v3,0.8,16,2,3,372,0.0018574160058051348,0.004455874965060502,551010304,0.875
cd9874794b1129d3,fashion_mnist,ssb-v1-block,cnn,protocol-v3,0.8,16,2,3,373,0.001841292018070817,0.004314833029638976,551010304,0.921875
cd9874794b1129d3,fashion_mnist,ssb-v1-block,cnn,protocol-v3,0.8,16,2,3,374,0.0017327499808743596,0.004327834001742303,551010304,0.890625
cd9874794b1129d3,fashion_mnist,ssb-v1-block,cnn,protocol-v3,0.8,16,2,3,375,0.0018005419988185167,0.004348624963313341,551010304,0.921875
cd9874794b1129d3,fashion_mnist,ssb-v1-block,cnn,protocol-v3,0.8,16,2,3,376,0.0017837079940363765,0.004382917017210275,551026688,0.890625
cd9874794b1129d3,fashion_mnist,ssb-v1-block,cnn,protocol-v3,0.8,16,2,3,377,0.0017930000321939588,0.004254208004567772,551026688,0.921875
cd9874794b1129d3,fashion_mnist,ssb-v1-block,cnn,protocol-v3,0.8,16,2,3,378,0.0017261249595321715,0.004527624987531453,551026688,0.875
cd9874794b1129d3,fashion_mnist,ssb-v1-block,cnn,protocol-v3,0.8,16,2,3,379,0.0017985000158660114,0.00454479199834168,551026688,0.90625
cd9874794b1129d3,fashion_mnist,ssb-v1-block,cnn,protocol-v3,0.8,16,2,3,380,0.0017916670185513794,0.0045982919982634485,551026688,0.8984375
cd9874794b1129d3,fashion_mnist,ssb-v1-block,cnn,protocol-v3,0.8,16,2,3,381,0.0018520830199122429,0.004318249993957579,551026688,0.9609375
cd9874794b1129d3,fashion_mnist,ssb-v1-block,cnn,protocol-v3,0.8,16,2,3,382,0.0018034999957308173,0.00442795897834003,551026688,0.9140625
cd9874794b1129d3,fashion_mnist,ssb-v1-block,cnn,protocol-v3,0.8,16,2,3,383,0.0017838330240920186,0.004519124981015921,551026688,0.9140625
cd9874794b1129d3,fashion_mnist,ssb-v1-block,cnn,protocol-v3,0.8,16,2,3,384,0.001780125021468848,0.004502625029999763,551043072,0.9375
cd9874794b1129d3,fashion_mnist,ssb-v1-block,cnn,protocol-v3,0.8,16,2,3,385,0.0018407910247333348,0.004434124974068254,551059456,0.8671875
cd9874794b1129d3,fashion_mnist,ssb-v1-block,cnn,protocol-v3,0.8,16,2,3,386,0.0017930000321939588,0.004368000023532659,551059456,0.8984375
cd9874794b1129d3,fashion_mnist,ssb-v1-block,cnn,protocol-v3,0.8,16,2,3,387,0.0017919589881785214,0.0043503339984454215,551059456,0.8828125
cd9874794b1129d3,fashion_mnist,ssb-v1-block,cnn,protocol-v3,0.8,16,2,3,388,0.00179537502117455,0.004400499979965389,551059456,0.9609375
cd9874794b1129d3,fashion_mnist,ssb-v1-block,cnn,protocol-v3,0.8,16,2,3,389,0.0017856250051409006,0.004493749991524965,551059456,0.953125
cd9874794b1129d3,fashion_mnist,ssb-v1-block,cnn,protocol-v3,0.8,16,2,3,390,0.0017799589550122619,0.004339000035542995,551059456,0.9375
cd9874794b1129d3,fashion_mnist,ssb-v1-block,cnn,protocol-v3,0.8,16,2,3,391,0.0018022090080194175,0.004449875035788864,551059456,0.90625
cd9874794b1129d3,fashion_mnist,ssb-v1-block,cnn,protocol-v3,0.8,16,2,3,392,0.001847042003646493,0.0045074159861542284,551059456,0.859375
cd9874794b1129d3,fashion_mnist,ssb-v1-block,cnn,protocol-v3,0.8,16,2,3,393,0.001837208983488381,0.004466457990929484,551059456,0.9375
cd9874794b1129d3,fashion_mnist,ssb-v1-block,cnn,protocol-v3,0.8,16,2,3,394,0.0017400000360794365,0.0043663750402629375,551059456,0.9296875
cd9874794b1129d3,fashion_mnist,ssb-v1-block,cnn,protocol-v3,0.8,16,2,3,395,0.0018396669765934348,0.00431300001218915,551059456,0.90625
cd9874794b1129d3,fashion_mnist,ssb-v1-block,cnn,protocol-v3,0.8,16,2,3,396,0.0017991249915212393,0.004164875019341707,551059456,0.921875
cd9874794b1129d3,fashion_mnist,ssb-v1-block,cnn,protocol-v3,0.8,16,2,3,397,0.0017995840171352029,0.004503957985434681,551059456,0.890625
cd9874794b1129d3,fashion_mnist,ssb-v1-block,cnn,protocol-v3,0.8,16,2,3,398,0.0018042090232484043,0.004636915982700884,551059456,0.9296875
cd9874794b1129d3,fashion_mnist,ssb-v1-block,cnn,protocol-v3,0.8,16,2,3,399,0.0017806250252760947,0.004520874994341284,551059456,0.890625
cd9874794b1129d3,fashion_mnist,ssb-v1-block,cnn,protocol-v3,0.8,16,2,3,400,0.0018439589766785502,0.004316540958825499,551075840,0.9140625
cd9874794b1129d3,fashion_mnist,ssb-v1-block,cnn,protocol-v3,0.8,16,2,3,401,0.0017315000295639038,0.004302708024624735,551092224,0.921875
cd9874794b1129d3,fashion_mnist,ssb-v1-block,cnn,protocol-v3,0.8,16,2,3,402,0.0017532079946249723,0.004500625014770776,551092224,0.90625
cd9874794b1129d3,fashion_mnist,ssb-v1-block,cnn,protocol-v3,0.8,16,2,3,403,0.0018492499948479235,0.004443874990101904,551092224,0.90625
cd9874794b1129d3,fashion_mnist,ssb-v1-block,cnn,protocol-v3,0.8,16,2,3,404,0.0017922500264830887,0.0044075840269215405,551108608,0.890625
cd9874794b1129d3,fashion_mnist,ssb-v1-block,cnn,protocol-v3,0.8,16,2,3,405,0.0017955420189537108,0.0044802919728681445,551108608,0.890625
cd9874794b1129d3,fashion_mnist,ssb-v1-block,cnn,protocol-v3,0.8,16,2,3,406,0.001861875003669411,0.0042160419980064034,551124992,0.8828125
cd9874794b1129d3,fashion_mnist,ssb-v1-block,cnn,protocol-v3,0.8,16,2,3,407,0.0018528749933466315,0.004324832989368588,551124992,0.890625
cd9874794b1129d3,fashion_mnist,ssb-v1-block,cnn,protocol-v3,0.8,16,2,3,408,0.00185404100921005,0.004302459012251347,551124992,0.9375
cd9874794b1129d3,fashion_mnist,ssb-v1-block,cnn,protocol-v3,0.8,16,2,3,409,0.0017952090129256248,0.004412500013131648,551124992,0.921875
cd9874794b1129d3,fashion_mnist,ssb-v1-block,cnn,protocol-v3,0.8,16,2,3,410,0.0017427910352125764,0.004391791997477412,551124992,0.9140625
cd9874794b1129d3,fashion_mnist,ssb-v1-block,cnn,protocol-v3,0.8,16,2,3,411,0.0017326250090263784,0.004436374991200864,551124992,0.859375
cd9874794b1129d3,fashion_mnist,ssb-v1-block,cnn,protocol-v3,0.8,16,2,3,412,0.0017974580405279994,0.004414041992276907,551124992,0.90625
cd9874794b1129d3,fashion_mnist,ssb-v1-block,cnn,protocol-v3,0.8,16,2,3,413,0.0018023330485448241,0.004490708990488201,551124992,0.8984375
cd9874794b1129d3,fashion_mnist,ssb-v1-block,cnn,protocol-v3,0.8,16,2,3,414,0.0018038749694824219,0.0046457910211756825,551124992,0.9296875
cd9874794b1129d3,fashion_mnist,ssb-v1-block,cnn,protocol-v3,0.8,16,2,3,415,0.0017950829933397472,0.00430179201066494,551124992,0.9375
cd9874794b1129d3,fashion_mnist,ssb-v1-block,cnn,protocol-v3,0.8,16,2,3,416,0.001749000046402216,0.004352124989964068,551124992,0.9453125
cd9874794b1129d3,fashion_mnist,ssb-v1-block,cnn,protocol-v3,0.8,16,2,3,417,0.0017855410114862025,0.0045744579983875155,551141376,0.921875
cd9874794b1129d3,fashion_mnist,ssb-v1-block,cnn,protocol-v3,0.8,16,2,3,418,0.0017976249800994992,0.004426958039402962,551157760,0.9296875
cd9874794b1129d3,fashion_mnist,ssb-v1-block,cnn,protocol-v3,0.8,16,2,3,419,0.0018353330087848008,0.004476125002838671,551157760,0.9140625
cd9874794b1129d3,fashion_mnist,ssb-v1-block,cnn,protocol-v3,0.8,16,2,3,420,0.0018490420188754797,0.004429124994203448,551157760,0.8984375
cd9874794b1129d3,fashion_mnist,ssb-v1-block,cnn,protocol-v3,0.8,16,2,3,421,0.0017142079886980355,0.004388125031255186,551157760,0.8984375
cd9874794b1129d3,fashion_mnist,ssb-v1-block,cnn,protocol-v3,0.8,16,2,3,422,0.0017974160145968199,0.004422708007041365,551157760,0.890625
cd9874794b1129d3,fashion_mnist,ssb-v1-block,cnn,protocol-v3,0.8,16,2,3,423,0.0017267080256715417,0.0043659580405801535,551157760,0.9140625
cd9874794b1129d3,fashion_mnist,ssb-v1-block,cnn,protocol-v3,0.8,16,2,3,424,0.001796416996512562,0.0046291660401038826,551157760,0.9453125
cd9874794b1129d3,fashion_mnist,ssb-v1-block,cnn,protocol-v3,0.8,16,2,3,425,0.0017813330050557852,0.004491624946240336,551157760,0.9140625
cd9874794b1129d3,fashion_mnist,ssb-v1-block,cnn,protocol-v3,0.8,16,2,3,426,0.001876042049843818,0.004440415999852121,551157760,0.921875
cd9874794b1129d3,fashion_mnist,ssb-v1-block,cnn,protocol-v3,0.8,16,2,3,427,0.0017574999947100878,0.004438875010237098,551157760,0.8984375
cd9874794b1129d3,fashion_mnist,ssb-v1-block,cnn,protocol-v3,0.8,16,2,3,428,0.0018297909991815686,0.004478500050026923,551157760,0.9296875
cd9874794b1129d3,fashion_mnist,ssb-v1-block,cnn,protocol-v3,0.8,16,2,3,429,0.0018352500046603382,0.0044933329918421805,551157760,0.890625
cd9874794b1129d3,fashion_mnist,ssb-v1-block,cnn,protocol-v3,0.8,16,2,3,430,0.001818500051740557,0.004319416009820998,551174144,0.8984375
cd9874794b1129d3,fashion_mnist,ssb-v1-block,cnn,protocol-v3,0.8,16,2,3,431,0.001788416993804276,0.004517209017649293,551174144,0.9140625
cd9874794b1129d3,fashion_mnist,ssb-v1-block,cnn,protocol-v3,0.8,16,2,3,432,0.001846000028308481,0.004420542041771114,551174144,0.9375
cd9874794b1129d3,fashion_mnist,ssb-v1-block,cnn,protocol-v3,0.8,16,2,3,433,0.0018618340254761279,0.004330625000875443,551174144,0.8984375
cd9874794b1129d3,fashion_mnist,ssb-v1-block,cnn,protocol-v3,0.8,16,2,3,434,0.0018542499747127295,0.004471959022339433,551174144,0.9140625
cd9874794b1129d3,fashion_mnist,ssb-v1-block,cnn,protocol-v3,0.8,16,2,3,435,0.0017791669815778732,0.004375457996502519,551174144,0.8671875
cd9874794b1129d3,fashion_mnist,ssb-v1-block,cnn,protocol-v3,0.8,16,2,3,436,0.0017965000006370246,0.004275374987628311,551174144,0.8828125
cd9874794b1129d3,fashion_mnist,ssb-v1-block,cnn,protocol-v3,0.8,16,2,3,437,0.0017965000006370246,0.004360666964203119,551174144,0.8984375
cd9874794b1129d3,fashion_mnist,ssb-v1-block,cnn,protocol-v3,0.8,16,2,3,438,0.0017976250383071601,0.0044441670179367065,551174144,0.953125
cd9874794b1129d3,fashion_mnist,ssb-v1-block,cnn,protocol-v3,0.8,16,2,3,439,0.0018042500014416873,0.004226125020068139,551174144,0.921875
cd9874794b1129d3,fashion_mnist,ssb-v1-block,cnn,protocol-v3,0.8,16,2,3,440,0.0018529999651946127,0.004455209011211991,551206912,0.8828125
cd9874794b1129d3,fashion_mnist,ssb-v1-block,cnn,protocol-v3,0.8,16,2,3,441,0.0018274169997312129,0.00445262499852106,551206912,0.921875
cd9874794b1129d3,fashion_mnist,ssb-v1-block,cnn,protocol-v3,0.8,16,2,3,442,0.001752666023094207,0.004377042001578957,551206912,0.9375
cd9874794b1129d3,fashion_mnist,ssb-v1-block,cnn,protocol-v3,0.8,16,2,3,443,0.0017324579530395567,0.004253833030816168,551206912,0.890625
cd9874794b1129d3,fashion_mnist,ssb-v1-block,cnn,protocol-v3,0.8,16,2,3,444,0.0018413750221952796,0.004465750011149794,551206912,0.90625
cd9874794b1129d3,fashion_mnist,ssb-v1-block,cnn,protocol-v3,0.8,16,2,3,445,0.0017953329952433705,0.004499666974879801,551206912,0.9609375
cd9874794b1129d3,fashion_mnist,ssb-v1-block,cnn,protocol-v3,0.8,16,2,3,446,0.0018043749732896686,0.00444666703697294,551206912,0.890625
cd9874794b1129d3,fashion_mnist,ssb-v1-block,cnn,protocol-v3,0.8,16,2,3,447,0.0018547499785199761,0.00421933300094679,551206912,0.890625
cd9874794b1129d3,fashion_mnist,ssb-v1-block,cnn,protocol-v3,0.8,16,2,3,448,0.0018458329723216593,0.00454104202799499,551206912,0.8671875
cd9874794b1129d3,fashion_mnist,ssb-v1-block,cnn,protocol-v3,0.8,16,2,3,449,0.0018012920045293868,0.004341916996054351,551206912,0.890625
cd9874794b1129d3,fashion_mnist,ssb-v1-block,cnn,protocol-v3,0.8,16,2,3,450,0.0017895830096676946,0.004527500015683472,551206912,0.890625
cd9874794b1129d3,fashion_mnist,ssb-v1-block,cnn,protocol-v3,0.8,16,2,3,451,0.0017999999690800905,0.004488750011660159,551206912,0.875
cd9874794b1129d3,fashion_mnist,ssb-v1-block,cnn,protocol-v3,0.8,16,2,3,452,0.00178583397064358,0.0044694580137729645,551223296,0.8515625
cd9874794b1129d3,fashion_mnist,ssb-v1-block,cnn,protocol-v3,0.8,16,2,3,453,0.0018372079939581454,0.004340791958384216,551223296,0.9296875
cd9874794b1129d3,fashion_mnist,ssb-v1-block,cnn,protocol-v3,0.8,16,2,3,454,0.0018622499774210155,0.004308790958020836,551223296,0.890625
cd9874794b1129d3,fashion_mnist,ssb-v1-block,cnn,protocol-v3,0.8,16,2,3,455,0.001727583003230393,0.004520374990534037,551223296,0.90625
cd9874794b1129d3,fashion_mnist,ssb-v1-block,cnn,protocol-v3,0.8,16,2,3,456,0.0017405839753337204,0.0044108330039307475,551223296,0.8828125
cd9874794b1129d3,fashion_mnist,ssb-v1-block,cnn,protocol-v3,0.8,16,2,3,457,0.001791665970813483,0.004359666956588626,551223296,0.8671875
cd9874794b1129d3,fashion_mnist,ssb-v1-block,cnn,protocol-v3,0.8,16,2,3,458,0.001803249993827194,0.004502249998040497,551223296,0.9453125
cd9874794b1129d3,fashion_mnist,ssb-v1-block,cnn,protocol-v3,0.8,16,2,3,459,0.0018052079831250012,0.004407125001307577,551239680,0.9140625
cd9874794b1129d3,fashion_mnist,ssb-v1-block,cnn,protocol-v3,0.8,16,2,3,460,0.00185645796591416,0.004546290962025523,551239680,0.9140625
cd9874794b1129d3,fashion_mnist,ssb-v1-block,cnn,protocol-v3,0.8,16,2,3,461,0.0018362500122748315,0.004585666989441961,551239680,0.8984375
cd9874794b1129d3,fashion_mnist,ssb-v1-block,cnn,protocol-v3,0.8,16,2,3,462,0.0018036250257864594,0.004387332999613136,551239680,0.890625
cd9874794b1129d3,fashion_mnist,ssb-v1-block,cnn,protocol-v3,0.8,16,2,3,463,0.0017925830325111747,0.004467457998543978,551239680,0.9140625
cd9874794b1129d3,fashion_mnist,ssb-v1-block,cnn,protocol-v3,0.8,16,2,3,464,0.0017941250116564333,0.004370834038127214,551239680,0.9375
cd9874794b1129d3,fashion_mnist,ssb-v1-block,cnn,protocol-v3,0.8,16,2,3,465,0.001853541994933039,0.004436708986759186,551239680,0.921875
cd9874794b1129d3,fashion_mnist,ssb-v1-block,cnn,protocol-v3,0.8,16,2,3,466,0.0018352500046603382,0.004365166008938104,551239680,0.9375
cd9874794b1129d3,fashion_mnist,ssb-v1-block,cnn,protocol-v3,0.8,16,2,3,467,0.0018536249990575016,0.004358832957223058,551239680,0.859375
cd9874794b1129d3,fashion_mnist,ssb-v1-block,cnn,protocol-v3,0.8,16,2,3,468,0.0014733329880982637,0.003724625043105334,551239680,0.9583333333333334
