run_id,dataset,model,architecture,protocol_version,keep_ratio,block_size,child_refresh_steps,seed,epoch,batch,global_step,forward_time_s,backward_time_s,memory_bytes,batch_accuracy,child_refreshed,child_refresh_count,child_topology_before,child_topology_after
0312cb93ccfc4f3c,kmnist,ssb-v5.1,mlp,protocol-convergence-v1,0.3,0,100,3,1,0,1,0.0059801249881275,0.027701083046849817,480133120,0.0859375,0,1,87dc1eb3424c,87dc1eb3424c
0312cb93ccfc4f3c,kmnist,ssb-v5.1,mlp,protocol-convergence-v1,0.3,0,100,3,1,1,2,0.0008779999916441739,0.0011695830035023391,493944832,0.0859375,0,1,87dc1eb3424c,87dc1eb3424c
0312cb93ccfc4f3c,kmnist,ssb-v5.1,mlp,protocol-convergence-v1,0.3,0,100,3,1,2,3,0.0010688749607652426,0.0005838340148329735,494387200,0.09375,0,1,87dc1eb3424c,87dc1eb3424c
0312cb93ccfc4f3c,kmnist,ssb-v5.1,mlp,protocol-convergence-v1,0.3,0,100,3,1,3,4,0.0013920410419814289,0.0005325839738361537,494403584,0.1171875,0,1,87dc1eb3424c,87dc1eb3424c
0312cb93ccfc4f3c,kmnist,ssb-v5.1,mlp,protocol-convergence-v1,0.3,0,100,3,1,4,5,0.0008255830034613609,0.0005146660259924829,494796800,0.1640625,0,1,87dc1eb3424c,87dc1eb3424c
0312cb93ccfc4f3c,kmnist,ssb-v5.1,mlp,protocol-convergence-v1,0.3,0,100,3,1,5,6,0.0008022500551305711,0.0005059170071035624,494813184,0.15625,0,1,87dc1eb3424c,87dc1eb3424c
0312cb93ccfc4f3c,kmnist,ssb-v5.1,mlp,protocol-convergence-v1,0.3,0,100,3,1,6,7,0.0007539999787695706,0.0004808329977095127,494813184,0.15625,0,1,87dc1eb3424c,87dc1eb3424c
0312cb93ccfc4f3c,kmnist,ssb-v5.1,mlp,protocol-convergence-v1,0.3,0,100,3,1,7,8,0.0008329590200446546,0.0005960419657640159,494862336,0.1875,0,1,87dc1eb3424c,87dc1eb3424c
0312cb93ccfc4f3c,kmnist,ssb-v5.1,mlp,protocol-convergence-v1,0.3,0,100,3,1,8,9,0.0007892499561421573,0.0005885419668629766,495222784,0.203125,0,1,87dc1eb3424c,87dc1eb3424c
0312cb93ccfc4f3c,kmnist,ssb-v5.1,mlp,protocol-convergence-v1,0.3,0,100,3,1,9,10,0.0009473749669268727,0.0005954590160399675,495304704,0.25,0,1,87dc1eb3424c,87dc1eb3424c
0312cb93ccfc4f3c,kmnist,ssb-v5.1,mlp,protocol-convergence-v1,0.3,0,100,3,1,10,11,0.0008044159621931612,0.0005924580036662519,495321088,0.2734375,0,1,87dc1eb3424c,87dc1eb3424c
0312cb93ccfc4f3c,kmnist,ssb-v5.1,mlp,protocol-convergence-v1,0.3,0,100,3,1,11,12,0.0008559169946238399,0.0005893750349059701,495321088,0.4296875,0,1,87dc1eb3424c,87dc1eb3424c
0312cb93ccfc4f3c,kmnist,ssb-v5.1,mlp,protocol-convergence-v1,0.3,0,100,3,1,12,13,0.0008239579619839787,0.0005987500189803541,495337472,0.421875,0,1,87dc1eb3424c,87dc1eb3424c
0312cb93ccfc4f3c,kmnist,ssb-v5.1,mlp,protocol-convergence-v1,0.3,0,100,3,1,13,14,0.0008319169864989817,0.0007213340140879154,495337472,0.40625,0,1,87dc1eb3424c,87dc1eb3424c
0312cb93ccfc4f3c,kmnist,ssb-v5.1,mlp,protocol-convergence-v1,0.3,0,100,3,1,14,15,0.0007992080063559115,0.0005829999572597444,495353856,0.515625,0,1,87dc1eb3424c,87dc1eb3424c
0312cb93ccfc4f3c,kmnist,ssb-v5.1,mlp,protocol-convergence-v1,0.3,0,100,3,1,15,16,0.0008151669753715396,0.0005703329807147384,495763456,0.5625,0,1,87dc1eb3424c,87dc1eb3424c
0312cb93ccfc4f3c,kmnist,ssb-v5.1,mlp,protocol-convergence-v1,0.3,0,100,3,1,16,17,0.0007825829670764506,0.0005797079647891223,495763456,0.5390625,0,1,87dc1eb3424c,87dc1eb3424c
0312cb93ccfc4f3c,kmnist,ssb-v5.1,mlp,protocol-convergence-v1,0.3,0,100,3,1,17,18,0.00105945800896734,0.0005800419603474438,495976448,0.6015625,0,1,87dc1eb3424c,87dc1eb3424c
0312cb93ccfc4f3c,kmnist,ssb-v5.1,mlp,protocol-convergence-v1,0.3,0,100,3,1,18,19,0.0009195419843308628,0.0005755419842898846,495976448,0.7109375,0,1,87dc1eb3424c,87dc1eb3424c
0312cb93ccfc4f3c,kmnist,ssb-v5.1,mlp,protocol-convergence-v1,0.3,0,100,3,1,19,20,0.0008005829877220094,0.0005387919954955578,495976448,0.65625,0,1,87dc1eb3424c,87dc1eb3424c
0312cb93ccfc4f3c,kmnist,ssb-v5.1,mlp,protocol-convergence-v1,0.3,0,100,3,1,20,21,0.0008338749757967889,0.0005459589883685112,495976448,0.609375,0,1,87dc1eb3424c,87dc1eb3424c
0312cb93ccfc4f3c,kmnist,ssb-v5.1,mlp,protocol-convergence-v1,0.3,0,100,3,1,21,22,0.0007787499926052988,0.0005660830065608025,495976448,0.7109375,0,1,87dc1eb3424c,87dc1eb3424c
0312cb93ccfc4f3c,kmnist,ssb-v5.1,mlp,protocol-convergence-v1,0.3,0,100,3,1,22,23,0.0008046249859035015,0.0005475830403156579,495976448,0.6171875,0,1,87dc1eb3424c,87dc1eb3424c
0312cb93ccfc4f3c,kmnist,ssb-v5.1,mlp,protocol-convergence-v1,0.3,0,100,3,1,23,24,0.0009560830076225102,0.0006184170488268137,495976448,0.6875,0,1,87dc1eb3424c,87dc1eb3424c
0312cb93ccfc4f3c,kmnist,ssb-v5.1,mlp,protocol-convergence-v1,0.3,0,100,3,1,24,25,0.0008495840011164546,0.000529165961779654,495976448,0.65625,0,1,87dc1eb3424c,87dc1eb3424c
0312cb93ccfc4f3c,kmnist,ssb-v5.1,mlp,protocol-convergence-v1,0.3,0,100,3,1,25,26,0.0008206249913200736,0.0005548750050365925,495976448,0.6640625,0,1,87dc1eb3424c,87dc1eb3424c
0312cb93ccfc4f3c,kmnist,ssb-v5.1,mlp,protocol-convergence-v1,0.3,0,100,3,1,26,27,0.0009093749686144292,0.0009117080480791628,496271360,0.7265625,0,1,87dc1eb3424c,87dc1eb3424c
0312cb93ccfc4f3c,kmnist,ssb-v5.1,mlp,protocol-convergence-v1,0.3,0,100,3,1,27,28,0.0011070000473409891,0.0006069160299375653,496304128,0.7578125,0,1,87dc1eb3424c,87dc1eb3424c
0312cb93ccfc4f3c,kmnist,ssb-v5.1,mlp,protocol-convergence-v1,0.3,0,100,3,1,28,29,0.0020947909797541797,0.0023092919727787375,496369664,0.6640625,0,1,87dc1eb3424c,87dc1eb3424c
0312cb93ccfc4f3c,kmnist,ssb-v5.1,mlp,protocol-convergence-v1,0.3,0,100,3,1,29,30,0.0010947080445475876,0.0007334999972954392,497483776,0.71875,0,1,87dc1eb3424c,87dc1eb3424c
0312cb93ccfc4f3c,kmnist,ssb-v5.1,mlp,protocol-convergence-v1,0.3,0,100,3,1,30,31,0.0010549580329097807,0.0006113750278018415,497483776,0.7109375,0,1,87dc1eb3424c,87dc1eb3424c
0312cb93ccfc4f3c,kmnist,ssb-v5.1,mlp,protocol-convergence-v1,0.3,0,100,3,1,31,32,0.0009297500364482403,0.0005687089869752526,497483776,0.7578125,0,1,87dc1eb3424c,87dc1eb3424c
0312cb93ccfc4f3c,kmnist,ssb-v5.1,mlp,protocol-convergence-v1,0.3,0,100,3,1,32,33,0.0008696670411154628,0.0005661249742843211,497483776,0.765625,0,1,87dc1eb3424c,87dc1eb3424c
0312cb93ccfc4f3c,kmnist,ssb-v5.1,mlp,protocol-convergence-v1,0.3,0,100,3,1,33,34,0.0008828749996609986,0.0005608330247923732,497483776,0.75,0,1,87dc1eb3424c,87dc1eb3424c
0312cb93ccfc4f3c,kmnist,ssb-v5.1,mlp,protocol-convergence-v1,0.3,0,100,3,1,34,35,0.00088900001719594,0.000580540974624455,497483776,0.765625,0,1,87dc1eb3424c,87dc1eb3424c
0312cb93ccfc4f3c,kmnist,ssb-v5.1,mlp,protocol-convergence-v1,0.3,0,100,3,1,35,36,0.0009246249683201313,0.0005443329573608935,497500160,0.75,0,1,87dc1eb3424c,87dc1eb3424c
0312cb93ccfc4f3c,kmnist,ssb-v5.1,mlp,protocol-convergence-v1,0.3,0,100,3,1,36,37,0.0009032499510794878,0.0005224579945206642,497532928,0.6640625,0,1,87dc1eb3424c,87dc1eb3424c
0312cb93ccfc4f3c,kmnist,ssb-v5.1,mlp,protocol-convergence-v1,0.3,0,100,3,1,37,38,0.0008099999977275729,0.000535291968844831,497532928,0.7421875,0,1,87dc1eb3424c,87dc1eb3424c
0312cb93ccfc4f3c,kmnist,ssb-v5.1,mlp,protocol-convergence-v1,0.3,0,100,3,1,38,39,0.0008065840229392052,0.0006332500488497317,497532928,0.7890625,0,1,87dc1eb3424c,87dc1eb3424c
0312cb93ccfc4f3c,kmnist,ssb-v5.1,mlp,protocol-convergence-v1,0.3,0,100,3,1,39,40,0.0008027920266613364,0.0005266250227577984,497532928,0.7734375,0,1,87dc1eb3424c,87dc1eb3424c
0312cb93ccfc4f3c,kmnist,ssb-v5.1,mlp,protocol-convergence-v1,0.3,0,100,3,1,40,41,0.0008985830354504287,0.0005237499717622995,497532928,0.6875,0,1,87dc1eb3424c,87dc1eb3424c
0312cb93ccfc4f3c,kmnist,ssb-v5.1,mlp,protocol-convergence-v1,0.3,0,100,3,1,41,42,0.0008038330124691129,0.0005158340209163725,497532928,0.8359375,0,1,87dc1eb3424c,87dc1eb3424c
0312cb93ccfc4f3c,kmnist,ssb-v5.1,mlp,protocol-convergence-v1,0.3,0,100,3,1,42,43,0.0008216670248657465,0.000587458023801446,497532928,0.765625,0,1,87dc1eb3424c,87dc1eb3424c
0312cb93ccfc4f3c,kmnist,ssb-v5.1,mlp,protocol-convergence-v1,0.3,0,100,3,1,43,44,0.000870457966811955,0.0005332500440999866,497549312,0.7421875,0,1,87dc1eb3424c,87dc1eb3424c
0312cb93ccfc4f3c,kmnist,ssb-v5.1,mlp,protocol-convergence-v1,0.3,0,100,3,1,44,45,0.0009320839890278876,0.0005823749816045165,497565696,0.7578125,0,1,87dc1eb3424c,87dc1eb3424c
0312cb93ccfc4f3c,kmnist,ssb-v5.1,mlp,protocol-convergence-v1,0.3,0,100,3,1,45,46,0.0009576250449754298,0.000592875003349036,497565696,0.7578125,0,1,87dc1eb3424c,87dc1eb3424c
0312cb93ccfc4f3c,kmnist,ssb-v5.1,mlp,protocol-convergence-v1,0.3,0,100,3,1,46,47,0.0008146250038407743,0.0005936669767834246,497565696,0.7578125,0,1,87dc1eb3424c,87dc1eb3424c
0312cb93ccfc4f3c,kmnist,ssb-v5.1,mlp,protocol-convergence-v1,0.3,0,100,3,1,47,48,0.000891833973582834,0.0008232499822042882,497565696,0.796875,0,1,87dc1eb3424c,87dc1eb3424c
0312cb93ccfc4f3c,kmnist,ssb-v5.1,mlp,protocol-convergence-v1,0.3,0,100,3,1,48,49,0.0009440419962629676,0.0006650830036960542,497565696,0.7265625,0,1,87dc1eb3424c,87dc1eb3424c
0312cb93ccfc4f3c,kmnist,ssb-v5.1,mlp,protocol-convergence-v1,0.3,0,100,3,1,49,50,0.0014577080146409571,0.0008577909902669489,497565696,0.8515625,0,1,87dc1eb3424c,87dc1eb3424c
0312cb93ccfc4f3c,kmnist,ssb-v5.1,mlp,protocol-convergence-v1,0.3,0,100,3,1,50,51,0.0016605409909971058,0.0010274169617332518,497565696,0.7890625,0,1,87dc1eb3424c,87dc1eb3424c
0312cb93ccfc4f3c,kmnist,ssb-v5.1,mlp,protocol-convergence-v1,0.3,0,100,3,1,51,52,0.001625959004741162,0.0010849160025827587,497565696,0.78125,0,1,87dc1eb3424c,87dc1eb3424c
0312cb93ccfc4f3c,kmnist,ssb-v5.1,mlp,protocol-convergence-v1,0.3,0,100,3,1,52,53,0.0013511249562725425,0.001031957974191755,497565696,0.7890625,0,1,87dc1eb3424c,87dc1eb3424c
0312cb93ccfc4f3c,kmnist,ssb-v5.1,mlp,protocol-convergence-v1,0.3,0,100,3,1,53,54,0.00137570797232911,0.0010538339847698808,497565696,0.7578125,0,1,87dc1eb3424c,87dc1eb3424c
0312cb93ccfc4f3c,kmnist,ssb-v5.1,mlp,protocol-convergence-v1,0.3,0,100,3,1,54,55,0.001052957959473133,0.0007332079694606364,497565696,0.796875,0,1,87dc1eb3424c,87dc1eb3424c
0312cb93ccfc4f3c,kmnist,ssb-v5.1,mlp,protocol-convergence-v1,0.3,0,100,3,1,55,56,0.0009668329730629921,0.000545416958630085,497565696,0.734375,0,1,87dc1eb3424c,87dc1eb3424c
0312cb93ccfc4f3c,kmnist,ssb-v5.1,mlp,protocol-convergence-v1,0.3,0,100,3,1,56,57,0.0009051249944604933,0.0005196669953875244,497565696,0.8125,0,1,87dc1eb3424c,87dc1eb3424c
0312cb93ccfc4f3c,kmnist,ssb-v5.1,mlp,protocol-convergence-v1,0.3,0,100,3,1,57,58,0.0007520419894717634,0.0005793330492451787,497565696,0.78125,0,1,87dc1eb3424c,87dc1eb3424c
0312cb93ccfc4f3c,kmnist,ssb-v5.1,mlp,protocol-convergence-v1,0.3,0,100,3,1,58,59,0.0008839590009301901,0.00050166598521173,497565696,0.8203125,0,1,87dc1eb3424c,87dc1eb3424c
0312cb93ccfc4f3c,kmnist,ssb-v5.1,mlp,protocol-convergence-v1,0.3,0,100,3,1,59,60,0.000920084014069289,0.0004897500039078295,497565696,0.796875,0,1,87dc1eb3424c,87dc1eb3424c
0312cb93ccfc4f3c,kmnist,ssb-v5.1,mlp,protocol-convergence-v1,0.3,0,100,3,1,60,61,0.0007865829975344241,0.0005419169901870191,497565696,0.7890625,0,1,87dc1eb3424c,87dc1eb3424c
0312cb93ccfc4f3c,kmnist,ssb-v5.1,mlp,protocol-convergence-v1,0.3,0,100,3,1,61,62,0.0008861669921316206,0.0004872920108027756,497565696,0.8046875,0,1,87dc1eb3424c,87dc1eb3424c
0312cb93ccfc4f3c,kmnist,ssb-v5.1,mlp,protocol-convergence-v1,0.3,0,100,3,1,62,63,0.0007801660103723407,0.00048683403292670846,497565696,0.71875,0,1,87dc1eb3424c,87dc1eb3424c
0312cb93ccfc4f3c,kmnist,ssb-v5.1,mlp,protocol-convergence-v1,0.3,0,100,3,1,63,64,0.0008053330238908529,0.000527750002220273,497565696,0.8125,0,1,87dc1eb3424c,87dc1eb3424c
0312cb93ccfc4f3c,kmnist,ssb-v5.1,mlp,protocol-convergence-v1,0.3,0,100,3,1,64,65,0.0008432920440100133,0.0005092080100439489,497565696,0.8125,0,1,87dc1eb3424c,87dc1eb3424c
0312cb93ccfc4f3c,kmnist,ssb-v5.1,mlp,protocol-convergence-v1,0.3,0,100,3,1,65,66,0.0008188749779947102,0.0005247080116532743,497565696,0.828125,0,1,87dc1eb3424c,87dc1eb3424c
0312cb93ccfc4f3c,kmnist,ssb-v5.1,mlp,protocol-convergence-v1,0.3,0,100,3,1,66,67,0.000811167003121227,0.0005435830098576844,497565696,0.8203125,0,1,87dc1eb3424c,87dc1eb3424c
0312cb93ccfc4f3c,kmnist,ssb-v5.1,mlp,protocol-convergence-v1,0.3,0,100,3,1,67,68,0.0007760830339975655,0.0005445830174721777,497565696,0.7265625,0,1,87dc1eb3424c,87dc1eb3424c
0312cb93ccfc4f3c,kmnist,ssb-v5.1,mlp,protocol-convergence-v1,0.3,0,100,3,1,68,69,0.0008104579756036401,0.0005269580287858844,497565696,0.7265625,0,1,87dc1eb3424c,87dc1eb3424c
0312cb93ccfc4f3c,kmnist,ssb-v5.1,mlp,protocol-convergence-v1,0.3,0,100,3,1,69,70,0.0007671249913983047,0.0005050000036135316,497565696,0.859375,0,1,87dc1eb3424c,87dc1eb3424c
0312cb93ccfc4f3c,kmnist,ssb-v5.1,mlp,protocol-convergence-v1,0.3,0,100,3,1,70,71,0.000772083003539592,0.0006207090336829424,497565696,0.78125,0,1,87dc1eb3424c,87dc1eb3424c
0312cb93ccfc4f3c,kmnist,ssb-v5.1,mlp,protocol-convergence-v1,0.3,0,100,3,1,71,72,0.000789417012128979,0.0005159580032341182,497565696,0.8828125,0,1,87dc1eb3424c,87dc1eb3424c
0312cb93ccfc4f3c,kmnist,ssb-v5.1,mlp,protocol-convergence-v1,0.3,0,100,3,1,72,73,0.000826041039545089,0.0005105839809402823,497565696,0.765625,0,1,87dc1eb3424c,87dc1eb3424c
0312cb93ccfc4f3c,kmnist,ssb-v5.1,mlp,protocol-convergence-v1,0.3,0,100,3,1,73,74,0.000803167000412941,0.000510042009409517,497565696,0.8515625,0,1,87dc1eb3424c,87dc1eb3424c
0312cb93ccfc4f3c,kmnist,ssb-v5.1,mlp,protocol-convergence-v1,0.3,0,100,3,1,74,75,0.0008030420285649598,0.000503125018440187,497565696,0.859375,0,1,87dc1eb3424c,87dc1eb3424c
0312cb93ccfc4f3c,kmnist,ssb-v5.1,mlp,protocol-convergence-v1,0.3,0,100,3,1,75,76,0.0008194579859264195,0.0005221670144237578,497565696,0.84375,0,1,87dc1eb3424c,87dc1eb3424c
0312cb93ccfc4f3c,kmnist,ssb-v5.1,mlp,protocol-convergence-v1,0.3,0,100,3,1,76,77,0.0008624580223113298,0.000534958962816745,497565696,0.7578125,0,1,87dc1eb3424c,87dc1eb3424c
0312cb93ccfc4f3c,kmnist,ssb-v5.1,mlp,protocol-convergence-v1,0.3,0,100,3,1,77,78,0.0008197080460377038,0.0005291249835863709,497565696,0.8359375,0,1,87dc1eb3424c,87dc1eb3424c
0312cb93ccfc4f3c,kmnist,ssb-v5.1,mlp,protocol-convergence-v1,0.3,0,100,3,1,78,79,0.0007925000390969217,0.000499167013913393,497565696,0.8125,0,1,87dc1eb3424c,87dc1eb3424c
0312cb93ccfc4f3c,kmnist,ssb-v5.1,mlp,protocol-convergence-v1,0.3,0,100,3,1,79,80,0.0008031660108827055,0.0005328339757397771,497565696,0.84375,0,1,87dc1eb3424c,87dc1eb3424c
0312cb93ccfc4f3c,kmnist,ssb-v5.1,mlp,protocol-convergence-v1,0.3,0,100,3,1,80,81,0.0007918340270407498,0.000524458009749651,497582080,0.8125,0,1,87dc1eb3424c,87dc1eb3424c
0312cb93ccfc4f3c,kmnist,ssb-v5.1,mlp,protocol-convergence-v1,0.3,0,100,3,1,81,82,0.0007772499811835587,0.0005133340018801391,497582080,0.890625,0,1,87dc1eb3424c,87dc1eb3424c
0312cb93ccfc4f3c,kmnist,ssb-v5.1,mlp,protocol-convergence-v1,0.3,0,100,3,1,82,83,0.0008150840294547379,0.0005160000291652977,497582080,0.828125,0,1,87dc1eb3424c,87dc1eb3424c
0312cb93ccfc4f3c,kmnist,ssb-v5.1,mlp,protocol-convergence-v1,0.3,0,100,3,1,83,84,0.0008375420002266765,0.0006297920481301844,497582080,0.7890625,0,1,87dc1eb3424c,87dc1eb3424c
0312cb93ccfc4f3c,kmnist,ssb-v5.1,mlp,protocol-convergence-v1,0.3,0,100,3,1,84,85,0.0007930829888209701,0.0004877080209553242,497598464,0.8828125,0,1,87dc1eb3424c,87dc1eb3424c
0312cb93ccfc4f3c,kmnist,ssb-v5.1,mlp,protocol-convergence-v1,0.3,0,100,3,1,85,86,0.000878083985298872,0.0005362920346669853,497598464,0.765625,0,1,87dc1eb3424c,87dc1eb3424c
0312cb93ccfc4f3c,kmnist,ssb-v5.1,mlp,protocol-convergence-v1,0.3,0,100,3,1,86,87,0.0007975829648785293,0.0005186670459806919,497598464,0.828125,0,1,87dc1eb3424c,87dc1eb3424c
0312cb93ccfc4f3c,kmnist,ssb-v5.1,mlp,protocol-convergence-v1,0.3,0,100,3,1,87,88,0.0007942499942146242,0.0005272499984130263,497598464,0.859375,0,1,87dc1eb3424c,87dc1eb3424c
0312cb93ccfc4f3c,kmnist,ssb-v5.1,mlp,protocol-convergence-v1,0.3,0,100,3,1,88,89,0.0007903340156190097,0.0005273330025374889,497598464,0.828125,0,1,87dc1eb3424c,87dc1eb3424c
0312cb93ccfc4f3c,kmnist,ssb-v5.1,mlp,protocol-convergence-v1,0.3,0,100,3,1,89,90,0.000856707978527993,0.0005319170304574072,497598464,0.828125,0,1,87dc1eb3424c,87dc1eb3424c
0312cb93ccfc4f3c,kmnist,ssb-v5.1,mlp,protocol-convergence-v1,0.3,0,100,3,1,90,91,0.0008420420344918966,0.0005342920194379985,497598464,0.78125,0,1,87dc1eb3424c,87dc1eb3424c
0312cb93ccfc4f3c,kmnist,ssb-v5.1,mlp,protocol-convergence-v1,0.3,0,100,3,1,91,92,0.0007797500002197921,0.0005234999698586762,497598464,0.828125,0,1,87dc1eb3424c,87dc1eb3424c
0312cb93ccfc4f3c,kmnist,ssb-v5.1,mlp,protocol-convergence-v1,0.3,0,100,3,1,92,93,0.0007940420182421803,0.0005339169874787331,497598464,0.890625,0,1,87dc1eb3424c,87dc1eb3424c
0312cb93ccfc4f3c,kmnist,ssb-v5.1,mlp,protocol-convergence-v1,0.3,0,100,3,1,93,94,0.00079008296597749,0.0005222079926170409,497598464,0.8515625,0,1,87dc1eb3424c,87dc1eb3424c
0312cb93ccfc4f3c,kmnist,ssb-v5.1,mlp,protocol-convergence-v1,0.3,0,100,3,1,94,95,0.0008129160269163549,0.0005213330150581896,497598464,0.8125,0,1,87dc1eb3424c,87dc1eb3424c
0312cb93ccfc4f3c,kmnist,ssb-v5.1,mlp,protocol-convergence-v1,0.3,0,100,3,1,95,96,0.0008115830132737756,0.000497375032864511,497598464,0.84375,0,1,87dc1eb3424c,87dc1eb3424c
0312cb93ccfc4f3c,kmnist,ssb-v5.1,mlp,protocol-convergence-v1,0.3,0,100,3,1,96,97,0.0007600410026498139,0.0005024580168537796,497598464,0.8046875,0,1,87dc1eb3424c,87dc1eb3424c
0312cb93ccfc4f3c,kmnist,ssb-v5.1,mlp,protocol-convergence-v1,0.3,0,100,3,1,97,98,0.0008519169641658664,0.0005408329889178276,497598464,0.75,0,1,87dc1eb3424c,87dc1eb3424c
0312cb93ccfc4f3c,kmnist,ssb-v5.1,mlp,protocol-convergence-v1,0.3,0,100,3,1,98,99,0.0008980410057120025,0.000530291988980025,497598464,0.7890625,0,1,87dc1eb3424c,87dc1eb3424c
0312cb93ccfc4f3c,kmnist,ssb-v5.1,mlp,protocol-convergence-v1,0.3,0,100,3,1,99,100,0.0008920419495552778,0.0005146249895915389,497598464,0.8203125,1,2,87dc1eb3424c,5ac7f7d2906f
0312cb93ccfc4f3c,kmnist,ssb-v5.1,mlp,protocol-convergence-v1,0.3,0,100,3,1,100,101,0.0008000410161912441,0.0005152499652467668,497745920,0.828125,0,2,5ac7f7d2906f,5ac7f7d2906f
0312cb93ccfc4f3c,kmnist,ssb-v5.1,mlp,protocol-convergence-v1,0.3,0,100,3,1,101,102,0.000793415994849056,0.0005310829728841782,497745920,0.796875,0,2,5ac7f7d2906f,5ac7f7d2906f
0312cb93ccfc4f3c,kmnist,ssb-v5.1,mlp,protocol-convergence-v1,0.3,0,100,3,1,102,103,0.0007872080313973129,0.0005287079839035869,497762304,0.859375,0,2,5ac7f7d2906f,5ac7f7d2906f
0312cb93ccfc4f3c,kmnist,ssb-v5.1,mlp,protocol-convergence-v1,0.3,0,100,3,1,103,104,0.0007942079682834446,0.0004945419495925307,497762304,0.8125,0,2,5ac7f7d2906f,5ac7f7d2906f
0312cb93ccfc4f3c,kmnist,ssb-v5.1,mlp,protocol-convergence-v1,0.3,0,100,3,1,104,105,0.0007584579871036112,0.0005246669752523303,497778688,0.8046875,0,2,5ac7f7d2906f,5ac7f7d2906f
0312cb93ccfc4f3c,kmnist,ssb-v5.1,mlp,protocol-convergence-v1,0.3,0,100,3,1,105,106,0.0007895840099081397,0.0004993749898858368,497778688,0.84375,0,2,5ac7f7d2906f,5ac7f7d2906f
0312cb93ccfc4f3c,kmnist,ssb-v5.1,mlp,protocol-convergence-v1,0.3,0,100,3,1,106,107,0.0008190419757738709,0.0005140419816598296,497778688,0.8515625,0,2,5ac7f7d2906f,5ac7f7d2906f
0312cb93ccfc4f3c,kmnist,ssb-v5.1,mlp,protocol-convergence-v1,0.3,0,100,3,1,107,108,0.0007846250082366168,0.0005039999959990382,497778688,0.796875,0,2,5ac7f7d2906f,5ac7f7d2906f
0312cb93ccfc4f3c,kmnist,ssb-v5.1,mlp,protocol-convergence-v1,0.3,0,100,3,1,108,109,0.0007932090084068477,0.0005107089527882636,497778688,0.8046875,0,2,5ac7f7d2906f,5ac7f7d2906f
0312cb93ccfc4f3c,kmnist,ssb-v5.1,mlp,protocol-convergence-v1,0.3,0,100,3,1,109,110,0.0007758330320939422,0.0004935000324621797,497795072,0.8125,0,2,5ac7f7d2906f,5ac7f7d2906f
0312cb93ccfc4f3c,kmnist,ssb-v5.1,mlp,protocol-convergence-v1,0.3,0,100,3,1,110,111,0.0007685840246267617,0.0004937499761581421,497795072,0.8515625,0,2,5ac7f7d2906f,5ac7f7d2906f
0312cb93ccfc4f3c,kmnist,ssb-v5.1,mlp,protocol-convergence-v1,0.3,0,100,3,1,111,112,0.0007589579909108579,0.00047212495701387525,497795072,0.796875,0,2,5ac7f7d2906f,5ac7f7d2906f
0312cb93ccfc4f3c,kmnist,ssb-v5.1,mlp,protocol-convergence-v1,0.3,0,100,3,1,112,113,0.0007700000423938036,0.000481374969240278,497795072,0.7890625,0,2,5ac7f7d2906f,5ac7f7d2906f
0312cb93ccfc4f3c,kmnist,ssb-v5.1,mlp,protocol-convergence-v1,0.3,0,100,3,1,113,114,0.0007547919522039592,0.0005294590373523533,497811456,0.8203125,0,2,5ac7f7d2906f,5ac7f7d2906f
0312cb93ccfc4f3c,kmnist,ssb-v5.1,mlp,protocol-convergence-v1,0.3,0,100,3,1,114,115,0.0007666670135222375,0.0005237089935690165,497811456,0.8359375,0,2,5ac7f7d2906f,5ac7f7d2906f
0312cb93ccfc4f3c,kmnist,ssb-v5.1,mlp,protocol-convergence-v1,0.3,0,100,3,1,115,116,0.0007538340287283063,0.0004844160284847021,497811456,0.8125,0,2,5ac7f7d2906f,5ac7f7d2906f
0312cb93ccfc4f3c,kmnist,ssb-v5.1,mlp,protocol-convergence-v1,0.3,0,100,3,1,116,117,0.00076299998909235,0.0005517500103451312,497811456,0.8984375,0,2,5ac7f7d2906f,5ac7f7d2906f
0312cb93ccfc4f3c,kmnist,ssb-v5.1,mlp,protocol-convergence-v1,0.3,0,100,3,1,117,118,0.0007542080129496753,0.0004994579940102994,497811456,0.8515625,0,2,5ac7f7d2906f,5ac7f7d2906f
0312cb93ccfc4f3c,kmnist,ssb-v5.1,mlp,protocol-convergence-v1,0.3,0,100,3,1,118,119,0.000776084023527801,0.0004974170005880296,497811456,0.8359375,0,2,5ac7f7d2906f,5ac7f7d2906f
0312cb93ccfc4f3c,kmnist,ssb-v5.1,mlp,protocol-convergence-v1,0.3,0,100,3,1,119,120,0.0007499170023947954,0.00048458296805620193,497811456,0.8515625,0,2,5ac7f7d2906f,5ac7f7d2906f
0312cb93ccfc4f3c,kmnist,ssb-v5.1,mlp,protocol-convergence-v1,0.3,0,100,3,1,120,121,0.0007349170045927167,0.0004705419996753335,497811456,0.765625,0,2,5ac7f7d2906f,5ac7f7d2906f
0312cb93ccfc4f3c,kmnist,ssb-v5.1,mlp,protocol-convergence-v1,0.3,0,100,3,1,121,122,0.0007471249555237591,0.0005098329856991768,497811456,0.84375,0,2,5ac7f7d2906f,5ac7f7d2906f
0312cb93ccfc4f3c,kmnist,ssb-v5.1,mlp,protocol-convergence-v1,0.3,0,100,3,1,122,123,0.0007305409526452422,0.0004884169902652502,497827840,0.8828125,0,2,5ac7f7d2906f,5ac7f7d2906f
0312cb93ccfc4f3c,kmnist,ssb-v5.1,mlp,protocol-convergence-v1,0.3,0,100,3,1,123,124,0.000732625019736588,0.000481374969240278,497827840,0.734375,0,2,5ac7f7d2906f,5ac7f7d2906f
0312cb93ccfc4f3c,kmnist,ssb-v5.1,mlp,protocol-convergence-v1,0.3,0,100,3,1,124,125,0.0007492079748772085,0.0004905830137431622,497827840,0.828125,0,2,5ac7f7d2906f,5ac7f7d2906f
0312cb93ccfc4f3c,kmnist,ssb-v5.1,mlp,protocol-convergence-v1,0.3,0,100,3,1,125,126,0.000788707984611392,0.000481374969240278,497827840,0.8359375,0,2,5ac7f7d2906f,5ac7f7d2906f
0312cb93ccfc4f3c,kmnist,ssb-v5.1,mlp,protocol-convergence-v1,0.3,0,100,3,1,126,127,0.0007702079601585865,0.00048212503315880895,497827840,0.8515625,0,2,5ac7f7d2906f,5ac7f7d2906f
0312cb93ccfc4f3c,kmnist,ssb-v5.1,mlp,protocol-convergence-v1,0.3,0,100,3,1,127,128,0.0007508750422857702,0.0004919579951092601,497827840,0.84375,0,2,5ac7f7d2906f,5ac7f7d2906f
0312cb93ccfc4f3c,kmnist,ssb-v5.1,mlp,protocol-convergence-v1,0.3,0,100,3,1,128,129,0.0007596249924972653,0.00048708298709243536,497827840,0.859375,0,2,5ac7f7d2906f,5ac7f7d2906f
0312cb93ccfc4f3c,kmnist,ssb-v5.1,mlp,protocol-convergence-v1,0.3,0,100,3,1,129,130,0.0007443330250680447,0.0004940000362694263,497844224,0.875,0,2,5ac7f7d2906f,5ac7f7d2906f
0312cb93ccfc4f3c,kmnist,ssb-v5.1,mlp,protocol-convergence-v1,0.3,0,100,3,1,130,131,0.000760458002332598,0.0004992500180378556,497844224,0.78125,0,2,5ac7f7d2906f,5ac7f7d2906f
0312cb93ccfc4f3c,kmnist,ssb-v5.1,mlp,protocol-convergence-v1,0.3,0,100,3,1,131,132,0.0008577500120736659,0.0005018750089220703,497844224,0.796875,0,2,5ac7f7d2906f,5ac7f7d2906f
0312cb93ccfc4f3c,kmnist,ssb-v5.1,mlp,protocol-convergence-v1,0.3,0,100,3,1,132,133,0.0007580420351587236,0.0004810839891433716,497844224,0.828125,0,2,5ac7f7d2906f,5ac7f7d2906f
0312cb93ccfc4f3c,kmnist,ssb-v5.1,mlp,protocol-convergence-v1,0.3,0,100,3,1,133,134,0.0007734580431133509,0.00048808299470692873,497844224,0.84375,0,2,5ac7f7d2906f,5ac7f7d2906f
0312cb93ccfc4f3c,kmnist,ssb-v5.1,mlp,protocol-convergence-v1,0.3,0,100,3,1,134,135,0.0007482499931938946,0.0004812499973922968,497844224,0.8046875,0,2,5ac7f7d2906f,5ac7f7d2906f
0312cb93ccfc4f3c,kmnist,ssb-v5.1,mlp,protocol-convergence-v1,0.3,0,100,3,1,135,136,0.0007559590158052742,0.000479959009680897,497844224,0.875,0,2,5ac7f7d2906f,5ac7f7d2906f
0312cb93ccfc4f3c,kmnist,ssb-v5.1,mlp,protocol-convergence-v1,0.3,0,100,3,1,136,137,0.0008046249859035015,0.0005290420376695693,497844224,0.8515625,0,2,5ac7f7d2906f,5ac7f7d2906f
0312cb93ccfc4f3c,kmnist,ssb-v5.1,mlp,protocol-convergence-v1,0.3,0,100,3,1,137,138,0.000759459042456001,0.0004910419811494648,497844224,0.8515625,0,2,5ac7f7d2906f,5ac7f7d2906f
0312cb93ccfc4f3c,kmnist,ssb-v5.1,mlp,protocol-convergence-v1,0.3,0,100,3,1,138,139,0.0008999169804155827,0.0005645839846692979,497844224,0.828125,0,2,5ac7f7d2906f,5ac7f7d2906f
0312cb93ccfc4f3c,kmnist,ssb-v5.1,mlp,protocol-convergence-v1,0.3,0,100,3,1,139,140,0.0010350000229664147,0.0005821670056320727,497844224,0.84375,0,2,5ac7f7d2906f,5ac7f7d2906f
0312cb93ccfc4f3c,kmnist,ssb-v5.1,mlp,protocol-convergence-v1,0.3,0,100,3,1,140,141,0.0009519999730400741,0.0005354169989004731,497844224,0.859375,0,2,5ac7f7d2906f,5ac7f7d2906f
0312cb93ccfc4f3c,kmnist,ssb-v5.1,mlp,protocol-convergence-v1,0.3,0,100,3,1,141,142,0.0008718749741092324,0.0005157500272616744,497844224,0.859375,0,2,5ac7f7d2906f,5ac7f7d2906f
0312cb93ccfc4f3c,kmnist,ssb-v5.1,mlp,protocol-convergence-v1,0.3,0,100,3,1,142,143,0.0007634999928995967,0.0004951250157319009,497844224,0.875,0,2,5ac7f7d2906f,5ac7f7d2906f
0312cb93ccfc4f3c,kmnist,ssb-v5.1,mlp,protocol-convergence-v1,0.3,0,100,3,1,143,144,0.0007634169887751341,0.00048099999548867345,497844224,0.890625,0,2,5ac7f7d2906f,5ac7f7d2906f
0312cb93ccfc4f3c,kmnist,ssb-v5.1,mlp,protocol-convergence-v1,0.3,0,100,3,1,144,145,0.0007954590255394578,0.0004974589683115482,497844224,0.90625,0,2,5ac7f7d2906f,5ac7f7d2906f
0312cb93ccfc4f3c,kmnist,ssb-v5.1,mlp,protocol-convergence-v1,0.3,0,100,3,1,145,146,0.0007649580365978181,0.0004899579798802733,497844224,0.8671875,0,2,5ac7f7d2906f,5ac7f7d2906f
0312cb93ccfc4f3c,kmnist,ssb-v5.1,mlp,protocol-convergence-v1,0.3,0,100,3,1,146,147,0.0008047500159591436,0.0004851659759879112,497844224,0.8046875,0,2,5ac7f7d2906f,5ac7f7d2906f
0312cb93ccfc4f3c,kmnist,ssb-v5.1,mlp,protocol-convergence-v1,0.3,0,100,3,1,147,148,0.0007791669922880828,0.00048279197653755546,497844224,0.84375,0,2,5ac7f7d2906f,5ac7f7d2906f
0312cb93ccfc4f3c,kmnist,ssb-v5.1,mlp,protocol-convergence-v1,0.3,0,100,3,1,148,149,0.0007478339830413461,0.0004948329878970981,497844224,0.8515625,0,2,5ac7f7d2906f,5ac7f7d2906f
0312cb93ccfc4f3c,kmnist,ssb-v5.1,mlp,protocol-convergence-v1,0.3,0,100,3,1,149,150,0.0007681249990127981,0.000488666002638638,497844224,0.84375,0,2,5ac7f7d2906f,5ac7f7d2906f
0312cb93ccfc4f3c,kmnist,ssb-v5.1,mlp,protocol-convergence-v1,0.3,0,100,3,1,150,151,0.0007725839968770742,0.00047979102237150073,497844224,0.8515625,0,2,5ac7f7d2906f,5ac7f7d2906f
0312cb93ccfc4f3c,kmnist,ssb-v5.1,mlp,protocol-convergence-v1,0.3,0,100,3,1,151,152,0.0007415830041281879,0.0004719580174423754,497844224,0.828125,0,2,5ac7f7d2906f,5ac7f7d2906f
0312cb93ccfc4f3c,kmnist,ssb-v5.1,mlp,protocol-convergence-v1,0.3,0,100,3,1,152,153,0.0007684999727644026,0.0005037079681642354,497844224,0.8125,0,2,5ac7f7d2906f,5ac7f7d2906f
0312cb93ccfc4f3c,kmnist,ssb-v5.1,mlp,protocol-convergence-v1,0.3,0,100,3,1,153,154,0.0007534999749623239,0.00048454198986291885,497844224,0.875,0,2,5ac7f7d2906f,5ac7f7d2906f
0312cb93ccfc4f3c,kmnist,ssb-v5.1,mlp,protocol-convergence-v1,0.3,0,100,3,1,154,155,0.000770541955716908,0.0005050829495303333,497844224,0.8828125,0,2,5ac7f7d2906f,5ac7f7d2906f
0312cb93ccfc4f3c,kmnist,ssb-v5.1,mlp,protocol-convergence-v1,0.3,0,100,3,1,155,156,0.0007495000027120113,0.0005059579852968454,497844224,0.828125,0,2,5ac7f7d2906f,5ac7f7d2906f
0312cb93ccfc4f3c,kmnist,ssb-v5.1,mlp,protocol-convergence-v1,0.3,0,100,3,1,156,157,0.0008205000194720924,0.0005112079670652747,497844224,0.8125,0,2,5ac7f7d2906f,5ac7f7d2906f
0312cb93ccfc4f3c,kmnist,ssb-v5.1,mlp,protocol-convergence-v1,0.3,0,100,3,1,157,158,0.0007682499708607793,0.0004892920260317624,497844224,0.8359375,0,2,5ac7f7d2906f,5ac7f7d2906f
0312cb93ccfc4f3c,kmnist,ssb-v5.1,mlp,protocol-convergence-v1,0.3,0,100,3,1,158,159,0.0007603749982081354,0.0005562080186791718,497844224,0.859375,0,2,5ac7f7d2906f,5ac7f7d2906f
0312cb93ccfc4f3c,kmnist,ssb-v5.1,mlp,protocol-convergence-v1,0.3,0,100,3,1,159,160,0.0007605410064570606,0.0005112910293973982,497844224,0.84375,0,2,5ac7f7d2906f,5ac7f7d2906f
0312cb93ccfc4f3c,kmnist,ssb-v5.1,mlp,protocol-convergence-v1,0.3,0,100,3,1,160,161,0.0007727909833192825,0.000503125018440187,497844224,0.84375,0,2,5ac7f7d2906f,5ac7f7d2906f
0312cb93ccfc4f3c,kmnist,ssb-v5.1,mlp,protocol-convergence-v1,0.3,0,100,3,1,161,162,0.0008036670042201877,0.00047941599041223526,497844224,0.8515625,0,2,5ac7f7d2906f,5ac7f7d2906f
0312cb93ccfc4f3c,kmnist,ssb-v5.1,mlp,protocol-convergence-v1,0.3,0,100,3,1,162,163,0.0007571250316686928,0.0004972500028088689,497860608,0.8359375,0,2,5ac7f7d2906f,5ac7f7d2906f
0312cb93ccfc4f3c,kmnist,ssb-v5.1,mlp,protocol-convergence-v1,0.3,0,100,3,1,163,164,0.0008481250260956585,0.0004898749757558107,497860608,0.828125,0,2,5ac7f7d2906f,5ac7f7d2906f
0312cb93ccfc4f3c,kmnist,ssb-v5.1,mlp,protocol-convergence-v1,0.3,0,100,3,1,164,165,0.0007653750362806022,0.0004979579825885594,497860608,0.828125,0,2,5ac7f7d2906f,5ac7f7d2906f
0312cb93ccfc4f3c,kmnist,ssb-v5.1,mlp,protocol-convergence-v1,0.3,0,100,3,1,165,166,0.0007597499643452466,0.0005021250108256936,497860608,0.8671875,0,2,5ac7f7d2906f,5ac7f7d2906f
0312cb93ccfc4f3c,kmnist,ssb-v5.1,mlp,protocol-convergence-v1,0.3,0,100,3,1,166,167,0.000765124976169318,0.0004929159767925739,497860608,0.84375,0,2,5ac7f7d2906f,5ac7f7d2906f
0312cb93ccfc4f3c,kmnist,ssb-v5.1,mlp,protocol-convergence-v1,0.3,0,100,3,1,167,168,0.0007577089709229767,0.00048133404925465584,497860608,0.765625,0,2,5ac7f7d2906f,5ac7f7d2906f
0312cb93ccfc4f3c,kmnist,ssb-v5.1,mlp,protocol-convergence-v1,0.3,0,100,3,1,168,169,0.0007716250256635249,0.0004992499598301947,497860608,0.890625,0,2,5ac7f7d2906f,5ac7f7d2906f
0312cb93ccfc4f3c,kmnist,ssb-v5.1,mlp,protocol-convergence-v1,0.3,0,100,3,1,169,170,0.0007548750145360827,0.0004990830202586949,497860608,0.828125,0,2,5ac7f7d2906f,5ac7f7d2906f
0312cb93ccfc4f3c,kmnist,ssb-v5.1,mlp,protocol-convergence-v1,0.3,0,100,3,1,170,171,0.0007630829932168126,0.00048637500731274486,497860608,0.8671875,0,2,5ac7f7d2906f,5ac7f7d2906f
0312cb93ccfc4f3c,kmnist,ssb-v5.1,mlp,protocol-convergence-v1,0.3,0,100,3,1,171,172,0.0007617080118507147,0.00048574997344985604,497860608,0.90625,0,2,5ac7f7d2906f,5ac7f7d2906f
0312cb93ccfc4f3c,kmnist,ssb-v5.1,mlp,protocol-convergence-v1,0.3,0,100,3,1,172,173,0.0007675000233575702,0.00048291601706296206,497860608,0.7890625,0,2,5ac7f7d2906f,5ac7f7d2906f
0312cb93ccfc4f3c,kmnist,ssb-v5.1,mlp,protocol-convergence-v1,0.3,0,100,3,1,173,174,0.0007600000244565308,0.0004955829936079681,497860608,0.8203125,0,2,5ac7f7d2906f,5ac7f7d2906f
0312cb93ccfc4f3c,kmnist,ssb-v5.1,mlp,protocol-convergence-v1,0.3,0,100,3,1,174,175,0.0007638750248588622,0.0004893330042250454,497860608,0.84375,0,2,5ac7f7d2906f,5ac7f7d2906f
0312cb93ccfc4f3c,kmnist,ssb-v5.1,mlp,protocol-convergence-v1,0.3,0,100,3,1,175,176,0.0007592500187456608,0.0004988330183550715,497860608,0.84375,0,2,5ac7f7d2906f,5ac7f7d2906f
0312cb93ccfc4f3c,kmnist,ssb-v5.1,mlp,protocol-convergence-v1,0.3,0,100,3,1,176,177,0.0007780830492265522,0.0005155839608050883,497860608,0.875,0,2,5ac7f7d2906f,5ac7f7d2906f
0312cb93ccfc4f3c,kmnist,ssb-v5.1,mlp,protocol-convergence-v1,0.3,0,100,3,1,177,178,0.0008394580218009651,0.0004901660140603781,497860608,0.8359375,0,2,5ac7f7d2906f,5ac7f7d2906f
0312cb93ccfc4f3c,kmnist,ssb-v5.1,mlp,protocol-convergence-v1,0.3,0,100,3,1,178,179,0.0007686250028200448,0.0004876669845543802,497860608,0.796875,0,2,5ac7f7d2906f,5ac7f7d2906f
0312cb93ccfc4f3c,kmnist,ssb-v5.1,mlp,protocol-convergence-v1,0.3,0,100,3,1,179,180,0.0007710840436629951,0.0004825419746339321,497860608,0.8515625,0,2,5ac7f7d2906f,5ac7f7d2906f
0312cb93ccfc4f3c,kmnist,ssb-v5.1,mlp,protocol-convergence-v1,0.3,0,100,3,1,180,181,0.0008505000150762498,0.0005643329932354391,497860608,0.859375,0,2,5ac7f7d2906f,5ac7f7d2906f
0312cb93ccfc4f3c,kmnist,ssb-v5.1,mlp,protocol-convergence-v1,0.3,0,100,3,1,181,182,0.0008870000019669533,0.0006147089879959822,497860608,0.84375,0,2,5ac7f7d2906f,5ac7f7d2906f
0312cb93ccfc4f3c,kmnist,ssb-v5.1,mlp,protocol-convergence-v1,0.3,0,100,3,1,182,183,0.0011531669879332185,0.0006249590078368783,497827840,0.921875,0,2,5ac7f7d2906f,5ac7f7d2906f
0312cb93ccfc4f3c,kmnist,ssb-v5.1,mlp,protocol-convergence-v1,0.3,0,100,3,1,183,184,0.0012061669840477407,0.0007628329913131893,497827840,0.84375,0,2,5ac7f7d2906f,5ac7f7d2906f
0312cb93ccfc4f3c,kmnist,ssb-v5.1,mlp,protocol-convergence-v1,0.3,0,100,3,1,184,185,0.0010662919958122075,0.0005564170423895121,497827840,0.8515625,0,2,5ac7f7d2906f,5ac7f7d2906f
0312cb93ccfc4f3c,kmnist,ssb-v5.1,mlp,protocol-convergence-v1,0.3,0,100,3,1,185,186,0.0012309590238146484,0.0008129579946398735,497827840,0.8125,0,2,5ac7f7d2906f,5ac7f7d2906f
0312cb93ccfc4f3c,kmnist,ssb-v5.1,mlp,protocol-convergence-v1,0.3,0,100,3,1,186,187,0.0012754579656757414,0.0008908329764381051,497827840,0.8671875,0,2,5ac7f7d2906f,5ac7f7d2906f
0312cb93ccfc4f3c,kmnist,ssb-v5.1,mlp,protocol-convergence-v1,0.3,0,100,3,1,187,188,0.0015475840191356838,0.0008650420350022614,497827840,0.8515625,0,2,5ac7f7d2906f,5ac7f7d2906f
0312cb93ccfc4f3c,kmnist,ssb-v5.1,mlp,protocol-convergence-v1,0.3,0,100,3,1,188,189,0.0011673749540932477,0.0007165420101955533,497827840,0.796875,0,2,5ac7f7d2906f,5ac7f7d2906f
0312cb93ccfc4f3c,kmnist,ssb-v5.1,mlp,protocol-convergence-v1,0.3,0,100,3,1,189,190,0.000829625001642853,0.0005538329714909196,497827840,0.90625,0,2,5ac7f7d2906f,5ac7f7d2906f
0312cb93ccfc4f3c,kmnist,ssb-v5.1,mlp,protocol-convergence-v1,0.3,0,100,3,1,190,191,0.0007473750156350434,0.0004930410068482161,497827840,0.9296875,0,2,5ac7f7d2906f,5ac7f7d2906f
0312cb93ccfc4f3c,kmnist,ssb-v5.1,mlp,protocol-convergence-v1,0.3,0,100,3,1,191,192,0.0007561250240541995,0.0005285830120556056,497827840,0.8671875,0,2,5ac7f7d2906f,5ac7f7d2906f
0312cb93ccfc4f3c,kmnist,ssb-v5.1,mlp,protocol-convergence-v1,0.3,0,100,3,1,192,193,0.0008565839962102473,0.0006090410170145333,497827840,0.921875,0,2,5ac7f7d2906f,5ac7f7d2906f
0312cb93ccfc4f3c,kmnist,ssb-v5.1,mlp,protocol-convergence-v1,0.3,0,100,3,1,193,194,0.0009505840134806931,0.0006586670060642064,497827840,0.8828125,0,2,5ac7f7d2906f,5ac7f7d2906f
0312cb93ccfc4f3c,kmnist,ssb-v5.1,mlp,protocol-convergence-v1,0.3,0,100,3,1,194,195,0.0010325830080546439,0.000653750030323863,497827840,0.828125,0,2,5ac7f7d2906f,5ac7f7d2906f
0312cb93ccfc4f3c,kmnist,ssb-v5.1,mlp,protocol-convergence-v1,0.3,0,100,3,1,195,196,0.0010714170057326555,0.0006342080305330455,497827840,0.84375,0,2,5ac7f7d2906f,5ac7f7d2906f
0312cb93ccfc4f3c,kmnist,ssb-v5.1,mlp,protocol-convergence-v1,0.3,0,100,3,1,196,197,0.0012408330221660435,0.0007100420189090073,497827840,0.9140625,0,2,5ac7f7d2906f,5ac7f7d2906f
0312cb93ccfc4f3c,kmnist,ssb-v5.1,mlp,protocol-convergence-v1,0.3,0,100,3,1,197,198,0.0012906659976579249,0.0007473329897038639,497827840,0.875,0,2,5ac7f7d2906f,5ac7f7d2906f
0312cb93ccfc4f3c,kmnist,ssb-v5.1,mlp,protocol-convergence-v1,0.3,0,100,3,1,198,199,0.00111233297502622,0.0007522499654442072,497827840,0.875,0,2,5ac7f7d2906f,5ac7f7d2906f
0312cb93ccfc4f3c,kmnist,ssb-v5.1,mlp,protocol-convergence-v1,0.3,0,100,3,1,199,200,0.0008237499860115349,0.0005547080072574317,497844224,0.8671875,1,3,5ac7f7d2906f,03db48ef94d3
0312cb93ccfc4f3c,kmnist,ssb-v5.1,mlp,protocol-convergence-v1,0.3,0,100,3,1,200,201,0.0007690840284340084,0.0005319580086506903,497860608,0.859375,0,3,03db48ef94d3,03db48ef94d3
0312cb93ccfc4f3c,kmnist,ssb-v5.1,mlp,protocol-convergence-v1,0.3,0,100,3,1,201,202,0.0008149999775923789,0.0005352500011213124,497860608,0.8671875,0,3,03db48ef94d3,03db48ef94d3
0312cb93ccfc4f3c,kmnist,ssb-v5.1,mlp,protocol-convergence-v1,0.3,0,100,3,1,202,203,0.0007888749823905528,0.000546208000741899,497876992,0.8515625,0,3,03db48ef94d3,03db48ef94d3
0312cb93ccfc4f3c,kmnist,ssb-v5.1,mlp,protocol-convergence-v1,0.3,0,100,3,1,203,204,0.0008098329999484122,0.0005213330150581896,497876992,0.8984375,0,3,03db48ef94d3,03db48ef94d3
0312cb93ccfc4f3c,kmnist,ssb-v5.1,mlp,protocol-convergence-v1,0.3,0,100,3,1,204,205,0.0007632499909959733,0.0005120839923620224,497876992,0.875,0,3,03db48ef94d3,03db48ef94d3
0312cb93ccfc4f3c,kmnist,ssb-v5.1,mlp,protocol-convergence-v1,0.3,0,100,3,1,205,206,0.0007618750096298754,0.0005072919884696603,497876992,0.8046875,0,3,03db48ef94d3,03db48ef94d3
0312cb93ccfc4f3c,kmnist,ssb-v5.1,mlp,protocol-convergence-v1,0.3,0,100,3,1,206,207,0.000794125022366643,0.0005547089967876673,497876992,0.8828125,0,3,03db48ef94d3,03db48ef94d3
0312cb93ccfc4f3c,kmnist,ssb-v5.1,mlp,protocol-convergence-v1,0.3,0,100,3,1,207,208,0.0012572500272653997,0.0007162090041674674,497876992,0.8671875,0,3,03db48ef94d3,03db48ef94d3
0312cb93ccfc4f3c,kmnist,ssb-v5.1,mlp,protocol-convergence-v1,0.3,0,100,3,1,208,209,0.0013191659818403423,0.0006881250301375985,497876992,0.859375,0,3,03db48ef94d3,03db48ef94d3
0312cb93ccfc4f3c,kmnist,ssb-v5.1,mlp,protocol-convergence-v1,0.3,0,100,3,1,209,210,0.0013760000001639128,0.0007605840219184756,497893376,0.9140625,0,3,03db48ef94d3,03db48ef94d3
0312cb93ccfc4f3c,kmnist,ssb-v5.1,mlp,protocol-convergence-v1,0.3,0,100,3,1,210,211,0.0010510419961065054,0.0008016250212676823,497893376,0.8515625,0,3,03db48ef94d3,03db48ef94d3
0312cb93ccfc4f3c,kmnist,ssb-v5.1,mlp,protocol-convergence-v1,0.3,0,100,3,1,211,212,0.001066667027771473,0.0008053340134210885,497893376,0.8671875,0,3,03db48ef94d3,03db48ef94d3
0312cb93ccfc4f3c,kmnist,ssb-v5.1,mlp,protocol-convergence-v1,0.3,0,100,3,1,212,213,0.0012247919803485274,0.0007383340271189809,497893376,0.796875,0,3,03db48ef94d3,03db48ef94d3
0312cb93ccfc4f3c,kmnist,ssb-v5.1,mlp,protocol-convergence-v1,0.3,0,100,3,1,213,214,0.0011169160134159029,0.000655542011372745,497893376,0.8359375,0,3,03db48ef94d3,03db48ef94d3
0312cb93ccfc4f3c,kmnist,ssb-v5.1,mlp,protocol-convergence-v1,0.3,0,100,3,1,214,215,0.0008432090398855507,0.0005240410100668669,497893376,0.859375,0,3,03db48ef94d3,03db48ef94d3
0312cb93ccfc4f3c,kmnist,ssb-v5.1,mlp,protocol-convergence-v1,0.3,0,100,3,1,215,216,0.000801375019364059,0.0005322080105543137,497893376,0.8828125,0,3,03db48ef94d3,03db48ef94d3
0312cb93ccfc4f3c,kmnist,ssb-v5.1,mlp,protocol-convergence-v1,0.3,0,100,3,1,216,217,0.002035624987911433,0.0006932920077815652,498483200,0.828125,0,3,03db48ef94d3,03db48ef94d3
0312cb93ccfc4f3c,kmnist,ssb-v5.1,mlp,protocol-convergence-v1,0.3,0,100,3,1,217,218,0.0011552919750101864,0.000601208012085408,498483200,0.8828125,0,3,03db48ef94d3,03db48ef94d3
0312cb93ccfc4f3c,kmnist,ssb-v5.1,mlp,protocol-convergence-v1,0.3,0,100,3,1,218,219,0.0010806660284288228,0.0005902500124648213,498483200,0.8046875,0,3,03db48ef94d3,03db48ef94d3
0312cb93ccfc4f3c,kmnist,ssb-v5.1,mlp,protocol-convergence-v1,0.3,0,100,3,1,219,220,0.0010812499676831067,0.0006511249812319875,493174784,0.890625,0,3,03db48ef94d3,03db48ef94d3
0312cb93ccfc4f3c,kmnist,ssb-v5.1,mlp,protocol-convergence-v1,0.3,0,100,3,1,220,221,0.001208916015457362,0.0006640409701503813,480411648,0.8125,0,3,03db48ef94d3,03db48ef94d3
0312cb93ccfc4f3c,kmnist,ssb-v5.1,mlp,protocol-convergence-v1,0.3,0,100,3,1,221,222,0.0010651249904185534,0.0005571669898927212,471498752,0.890625,0,3,03db48ef94d3,03db48ef94d3
0312cb93ccfc4f3c,kmnist,ssb-v5.1,mlp,protocol-convergence-v1,0.3,0,100,3,1,222,223,0.0009361659758724272,0.0005590419750660658,458620928,0.859375,0,3,03db48ef94d3,03db48ef94d3
0312cb93ccfc4f3c,kmnist,ssb-v5.1,mlp,protocol-convergence-v1,0.3,0,100,3,1,223,224,0.0011216670391149819,0.0006321659893728793,448446464,0.8515625,0,3,03db48ef94d3,03db48ef94d3
0312cb93ccfc4f3c,kmnist,ssb-v5.1,mlp,protocol-convergence-v1,0.3,0,100,3,1,224,225,0.0011275410070084035,0.0006886250339448452,448446464,0.890625,0,3,03db48ef94d3,03db48ef94d3
0312cb93ccfc4f3c,kmnist,ssb-v5.1,mlp,protocol-convergence-v1,0.3,0,100,3,1,225,226,0.0013293329975567758,0.0007078750059008598,445939712,0.890625,0,3,03db48ef94d3,03db48ef94d3
0312cb93ccfc4f3c,kmnist,ssb-v5.1,mlp,protocol-convergence-v1,0.3,0,100,3,1,226,227,0.00137870799517259,0.0007037920295260847,445939712,0.8671875,0,3,03db48ef94d3,03db48ef94d3
0312cb93ccfc4f3c,kmnist,ssb-v5.1,mlp,protocol-convergence-v1,0.3,0,100,3,1,227,228,0.0011765420204028487,0.000831749988719821,445939712,0.9140625,0,3,03db48ef94d3,03db48ef94d3
0312cb93ccfc4f3c,kmnist,ssb-v5.1,mlp,protocol-convergence-v1,0.3,0,100,3,1,228,229,0.0010085409739986062,0.0005436670035123825,446349312,0.8515625,0,3,03db48ef94d3,03db48ef94d3
0312cb93ccfc4f3c,kmnist,ssb-v5.1,mlp,protocol-convergence-v1,0.3,0,100,3,1,229,230,0.0008142080041579902,0.0006004999740980566,446349312,0.859375,0,3,03db48ef94d3,03db48ef94d3
0312cb93ccfc4f3c,kmnist,ssb-v5.1,mlp,protocol-convergence-v1,0.3,0,100,3,1,230,231,0.0011330419802106917,0.0006337499944493175,446349312,0.890625,0,3,03db48ef94d3,03db48ef94d3
0312cb93ccfc4f3c,kmnist,ssb-v5.1,mlp,protocol-convergence-v1,0.3,0,100,3,1,231,232,0.001304500037804246,0.0007156669744290411,446365696,0.90625,0,3,03db48ef94d3,03db48ef94d3
0312cb93ccfc4f3c,kmnist,ssb-v5.1,mlp,protocol-convergence-v1,0.3,0,100,3,1,232,233,0.001291166990995407,0.0007021670462563634,445186048,0.859375,0,3,03db48ef94d3,03db48ef94d3
0312cb93ccfc4f3c,kmnist,ssb-v5.1,mlp,protocol-convergence-v1,0.3,0,100,3,1,233,234,0.001254167000297457,0.0007283329614438117,440041472,0.859375,0,3,03db48ef94d3,03db48ef94d3
0312cb93ccfc4f3c,kmnist,ssb-v5.1,mlp,protocol-convergence-v1,0.3,0,100,3,1,234,235,0.000963917002081871,0.0005142909940332174,430718976,0.8125,0,3,03db48ef94d3,03db48ef94d3
0312cb93ccfc4f3c,kmnist,ssb-v5.1,mlp,protocol-convergence-v1,0.3,0,100,3,1,235,236,0.0008399169892072678,0.0006063749897293746,429260800,0.890625,0,3,03db48ef94d3,03db48ef94d3
0312cb93ccfc4f3c,kmnist,ssb-v5.1,mlp,protocol-convergence-v1,0.3,0,100,3,1,236,237,0.0008336660102941096,0.0005470839678309858,429244416,0.859375,0,3,03db48ef94d3,03db48ef94d3
0312cb93ccfc4f3c,kmnist,ssb-v5.1,mlp,protocol-convergence-v1,0.3,0,100,3,1,237,238,0.0008248340454883873,0.0005385420517995954,429047808,0.8359375,0,3,03db48ef94d3,03db48ef94d3
0312cb93ccfc4f3c,kmnist,ssb-v5.1,mlp,protocol-convergence-v1,0.3,0,100,3,1,238,239,0.0008175830007530749,0.0005198330036364496,425918464,0.8984375,0,3,03db48ef94d3,03db48ef94d3
0312cb93ccfc4f3c,kmnist,ssb-v5.1,mlp,protocol-convergence-v1,0.3,0,100,3,1,239,240,0.0007836250006221235,0.0005322079523466527,425951232,0.859375,0,3,03db48ef94d3,03db48ef94d3
0312cb93ccfc4f3c,kmnist,ssb-v5.1,mlp,protocol-convergence-v1,0.3,0,100,3,1,240,241,0.0007765000336803496,0.0005184169858694077,419348480,0.8671875,0,3,03db48ef94d3,03db48ef94d3
0312cb93ccfc4f3c,kmnist,ssb-v5.1,mlp,protocol-convergence-v1,0.3,0,100,3,1,241,242,0.0008090840419754386,0.0005241669714450836,413106176,0.828125,0,3,03db48ef94d3,03db48ef94d3
0312cb93ccfc4f3c,kmnist,ssb-v5.1,mlp,protocol-convergence-v1,0.3,0,100,3,1,242,243,0.0007943329983390868,0.000521208974532783,407437312,0.875,0,3,03db48ef94d3,03db48ef94d3
0312cb93ccfc4f3c,kmnist,ssb-v5.1,mlp,protocol-convergence-v1,0.3,0,100,3,1,243,244,0.0007755000260658562,0.0005304580554366112,405291008,0.796875,0,3,03db48ef94d3,03db48ef94d3
0312cb93ccfc4f3c,kmnist,ssb-v5.1,mlp,protocol-convergence-v1,0.3,0,100,3,1,244,245,0.0009177500032819808,0.0006207500118762255,397295616,0.8359375,0,3,03db48ef94d3,03db48ef94d3
0312cb93ccfc4f3c,kmnist,ssb-v5.1,mlp,protocol-convergence-v1,0.3,0,100,3,1,245,246,0.0013600830570794642,0.0007477079634554684,397312000,0.875,0,3,03db48ef94d3,03db48ef94d3
0312cb93ccfc4f3c,kmnist,ssb-v5.1,mlp,protocol-convergence-v1,0.3,0,100,3,1,246,247,0.001328082988038659,0.0007472079596482217,382664704,0.875,0,3,03db48ef94d3,03db48ef94d3
0312cb93ccfc4f3c,kmnist,ssb-v5.1,mlp,protocol-convergence-v1,0.3,0,100,3,1,247,248,0.0012797079980373383,0.000773916020989418,374505472,0.8515625,0,3,03db48ef94d3,03db48ef94d3
0312cb93ccfc4f3c,kmnist,ssb-v5.1,mlp,protocol-convergence-v1,0.3,0,100,3,1,248,249,0.0010824169730767608,0.0006412919610738754,363593728,0.8671875,0,3,03db48ef94d3,03db48ef94d3
0312cb93ccfc4f3c,kmnist,ssb-v5.1,mlp,protocol-convergence-v1,0.3,0,100,3,1,249,250,0.0007565000560134649,0.0004837499582208693,363610112,0.828125,0,3,03db48ef94d3,03db48ef94d3
0312cb93ccfc4f3c,kmnist,ssb-v5.1,mlp,protocol-convergence-v1,0.3,0,100,3,1,250,251,0.0007530410075560212,0.000476334011182189,357416960,0.9140625,0,3,03db48ef94d3,03db48ef94d3
0312cb93ccfc4f3c,kmnist,ssb-v5.1,mlp,protocol-convergence-v1,0.3,0,100,3,1,251,252,0.0008127500186674297,0.000536791980266571,348602368,0.9140625,0,3,03db48ef94d3,03db48ef94d3
0312cb93ccfc4f3c,kmnist,ssb-v5.1,mlp,protocol-convergence-v1,0.3,0,100,3,1,252,253,0.000778541958425194,0.0006012090016156435,341622784,0.859375,0,3,03db48ef94d3,03db48ef94d3
0312cb93ccfc4f3c,kmnist,ssb-v5.1,mlp,protocol-convergence-v1,0.3,0,100,3,1,253,254,0.0008401669911108911,0.0005868750158697367,332316672,0.9140625,0,3,03db48ef94d3,03db48ef94d3
0312cb93ccfc4f3c,kmnist,ssb-v5.1,mlp,protocol-convergence-v1,0.3,0,100,3,1,254,255,0.000806041993200779,0.0005340829957276583,323584000,0.9140625,0,3,03db48ef94d3,03db48ef94d3
0312cb93ccfc4f3c,kmnist,ssb-v5.1,mlp,protocol-convergence-v1,0.3,0,100,3,1,255,256,0.0007786669884808362,0.0005491249612532556,323584000,0.890625,0,3,03db48ef94d3,03db48ef94d3
0312cb93ccfc4f3c,kmnist,ssb-v5.1,mlp,protocol-convergence-v1,0.3,0,100,3,1,256,257,0.0009047089843079448,0.0005909579922445118,308232192,0.8671875,0,3,03db48ef94d3,03db48ef94d3
0312cb93ccfc4f3c,kmnist,ssb-v5.1,mlp,protocol-convergence-v1,0.3,0,100,3,1,257,258,0.0007740000146441162,0.0005345839890651405,308314112,0.8984375,0,3,03db48ef94d3,03db48ef94d3
0312cb93ccfc4f3c,kmnist,ssb-v5.1,mlp,protocol-convergence-v1,0.3,0,100,3,1,258,259,0.0008109170012176037,0.0005406250129453838,301776896,0.875,0,3,03db48ef94d3,03db48ef94d3
0312cb93ccfc4f3c,kmnist,ssb-v5.1,mlp,protocol-convergence-v1,0.3,0,100,3,1,259,260,0.000827083014883101,0.0005307919927872717,301776896,0.84375,0,3,03db48ef94d3,03db48ef94d3
0312cb93ccfc4f3c,kmnist,ssb-v5.1,mlp,protocol-convergence-v1,0.3,0,100,3,1,260,261,0.0008016250212676823,0.0005117080290801823,301793280,0.921875,0,3,03db48ef94d3,03db48ef94d3
0312cb93ccfc4f3c,kmnist,ssb-v5.1,mlp,protocol-convergence-v1,0.3,0,100,3,1,261,262,0.0007961249793879688,0.0005202079773880541,301826048,0.8984375,0,3,03db48ef94d3,03db48ef94d3
0312cb93ccfc4f3c,kmnist,ssb-v5.1,mlp,protocol-convergence-v1,0.3,0,100,3,1,262,263,0.0007920420030131936,0.0005271660047583282,301858816,0.8515625,0,3,03db48ef94d3,03db48ef94d3
0312cb93ccfc4f3c,kmnist,ssb-v5.1,mlp,protocol-convergence-v1,0.3,0,100,3,1,263,264,0.0008059170213527977,0.0005070409970358014,292552704,0.890625,0,3,03db48ef94d3,03db48ef94d3
0312cb93ccfc4f3c,kmnist,ssb-v5.1,mlp,protocol-convergence-v1,0.3,0,100,3,1,264,265,0.0008611249504610896,0.0005614580004476011,282574848,0.8671875,0,3,03db48ef94d3,03db48ef94d3
0312cb93ccfc4f3c,kmnist,ssb-v5.1,mlp,protocol-convergence-v1,0.3,0,100,3,1,265,266,0.0011824999819509685,0.0007377080037258565,275152896,0.84375,0,3,03db48ef94d3,03db48ef94d3
0312cb93ccfc4f3c,kmnist,ssb-v5.1,mlp,protocol-convergence-v1,0.3,0,100,3,1,266,267,0.0012100000167265534,0.0007691250066272914,275202048,0.8125,0,3,03db48ef94d3,03db48ef94d3
0312cb93ccfc4f3c,kmnist,ssb-v5.1,mlp,protocol-convergence-v1,0.3,0,100,3,1,267,268,0.0013481249916367233,0.0007646249723620713,261701632,0.8671875,0,3,03db48ef94d3,03db48ef94d3
0312cb93ccfc4f3c,kmnist,ssb-v5.1,mlp,protocol-convergence-v1,0.3,0,100,3,1,268,269,0.0014859590446576476,0.0007737079868093133,255475712,0.84375,0,3,03db48ef94d3,03db48ef94d3
0312cb93ccfc4f3c,kmnist,ssb-v5.1,mlp,protocol-convergence-v1,0.3,0,100,3,1,269,270,0.0014240830205380917,0.0011914159986190498,249380864,0.828125,0,3,03db48ef94d3,03db48ef94d3
0312cb93ccfc4f3c,kmnist,ssb-v5.1,mlp,protocol-convergence-v1,0.3,0,100,3,1,270,271,0.0010167909786105156,0.0005654169945046306,245579776,0.875,0,3,03db48ef94d3,03db48ef94d3
0312cb93ccfc4f3c,kmnist,ssb-v5.1,mlp,protocol-convergence-v1,0.3,0,100,3,1,271,272,0.0009246249683201313,0.0006205840036273003,245628928,0.890625,0,3,03db48ef94d3,03db48ef94d3
0312cb93ccfc4f3c,kmnist,ssb-v5.1,mlp,protocol-convergence-v1,0.3,0,100,3,1,272,273,0.003257957985624671,0.0015191250131465495,246202368,0.8984375,0,3,03db48ef94d3,03db48ef94d3
0312cb93ccfc4f3c,kmnist,ssb-v5.1,mlp,protocol-convergence-v1,0.3,0,100,3,1,273,274,0.0010884589864872396,0.0007106249686330557,246218752,0.90625,0,3,03db48ef94d3,03db48ef94d3
0312cb93ccfc4f3c,kmnist,ssb-v5.1,mlp,protocol-convergence-v1,0.3,0,100,3,1,274,275,0.0012210839777253568,0.0006610830314457417,246251520,0.828125,0,3,03db48ef94d3,03db48ef94d3
0312cb93ccfc4f3c,kmnist,ssb-v5.1,mlp,protocol-convergence-v1,0.3,0,100,3,1,275,276,0.0013269999762997031,0.0007137500215321779,246267904,0.828125,0,3,03db48ef94d3,03db48ef94d3
0312cb93ccfc4f3c,kmnist,ssb-v5.1,mlp,protocol-convergence-v1,0.3,0,100,3,1,276,277,0.0013030829722993076,0.0007016250165179372,246284288,0.90625,0,3,03db48ef94d3,03db48ef94d3
0312cb93ccfc4f3c,kmnist,ssb-v5.1,mlp,protocol-convergence-v1,0.3,0,100,3,1,277,278,0.00101741700200364,0.0005727909738197923,246300672,0.875,0,3,03db48ef94d3,03db48ef94d3
0312cb93ccfc4f3c,kmnist,ssb-v5.1,mlp,protocol-convergence-v1,0.3,0,100,3,1,278,279,0.0008644579793326557,0.0005743749788962305,246317056,0.875,0,3,03db48ef94d3,03db48ef94d3
0312cb93ccfc4f3c,kmnist,ssb-v5.1,mlp,protocol-convergence-v1,0.3,0,100,3,1,279,280,0.0012544159544631839,0.0006883330061100423,246317056,0.8984375,0,3,03db48ef94d3,03db48ef94d3
0312cb93ccfc4f3c,kmnist,ssb-v5.1,mlp,protocol-convergence-v1,0.3,0,100,3,1,280,281,0.0011969170300289989,0.0006783750141039491,246349824,0.84375,0,3,03db48ef94d3,03db48ef94d3
0312cb93ccfc4f3c,kmnist,ssb-v5.1,mlp,protocol-convergence-v1,0.3,0,100,3,1,281,282,0.0013147079735063016,0.0006909159710630774,246366208,0.8828125,0,3,03db48ef94d3,03db48ef94d3
0312cb93ccfc4f3c,kmnist,ssb-v5.1,mlp,protocol-convergence-v1,0.3,0,100,3,1,282,283,0.001425708003807813,0.0006799580296501517,246398976,0.890625,0,3,03db48ef94d3,03db48ef94d3
0312cb93ccfc4f3c,kmnist,ssb-v5.1,mlp,protocol-convergence-v1,0.3,0,100,3,1,283,284,0.0009918330470100045,0.0005286660161800683,246448128,0.8515625,0,3,03db48ef94d3,03db48ef94d3
0312cb93ccfc4f3c,kmnist,ssb-v5.1,mlp,protocol-convergence-v1,0.3,0,100,3,1,284,285,0.0007754999678581953,0.0004900419735349715,246464512,0.8828125,0,3,03db48ef94d3,03db48ef94d3
0312cb93ccfc4f3c,kmnist,ssb-v5.1,mlp,protocol-convergence-v1,0.3,0,100,3,1,285,286,0.0007635410293005407,0.000491540995426476,246464512,0.8984375,0,3,03db48ef94d3,03db48ef94d3
0312cb93ccfc4f3c,kmnist,ssb-v5.1,mlp,protocol-convergence-v1,0.3,0,100,3,1,286,287,0.0008285829680971801,0.0005379579961299896,246480896,0.828125,0,3,03db48ef94d3,03db48ef94d3
0312cb93ccfc4f3c,kmnist,ssb-v5.1,mlp,protocol-convergence-v1,0.3,0,100,3,1,287,288,0.0008865829440765083,0.0005766659742221236,246497280,0.8359375,0,3,03db48ef94d3,03db48ef94d3
0312cb93ccfc4f3c,kmnist,ssb-v5.1,mlp,protocol-convergence-v1,0.3,0,100,3,1,288,289,0.0008347920374944806,0.0005497079691849649,246530048,0.9140625,0,3,03db48ef94d3,03db48ef94d3
0312cb93ccfc4f3c,kmnist,ssb-v5.1,mlp,protocol-convergence-v1,0.3,0,100,3,1,289,290,0.0007742919842712581,0.0005254170391708612,246530048,0.890625,0,3,03db48ef94d3,03db48ef94d3
0312cb93ccfc4f3c,kmnist,ssb-v5.1,mlp,protocol-convergence-v1,0.3,0,100,3,1,290,291,0.0007574170012958348,0.0005223749903962016,246546432,0.8359375,0,3,03db48ef94d3,03db48ef94d3
0312cb93ccfc4f3c,kmnist,ssb-v5.1,mlp,protocol-convergence-v1,0.3,0,100,3,1,291,292,0.0007524999673478305,0.0005018340307287872,246546432,0.8203125,0,3,03db48ef94d3,03db48ef94d3
0312cb93ccfc4f3c,kmnist,ssb-v5.1,mlp,protocol-convergence-v1,0.3,0,100,3,1,292,293,0.0007542920066043735,0.0004988749860785902,246562816,0.8828125,0,3,03db48ef94d3,03db48ef94d3
0312cb93ccfc4f3c,kmnist,ssb-v5.1,mlp,protocol-convergence-v1,0.3,0,100,3,1,293,294,0.0008043750422075391,0.0005522919818758965,246562816,0.90625,0,3,03db48ef94d3,03db48ef94d3
0312cb93ccfc4f3c,kmnist,ssb-v5.1,mlp,protocol-convergence-v1,0.3,0,100,3,1,294,295,0.0008032500045374036,0.0005487079615704715,246579200,0.8359375,0,3,03db48ef94d3,03db48ef94d3
0312cb93ccfc4f3c,kmnist,ssb-v5.1,mlp,protocol-convergence-v1,0.3,0,100,3,1,295,296,0.0008639170555397868,0.0006116250297054648,246595584,0.9296875,0,3,03db48ef94d3,03db48ef94d3
0312cb93ccfc4f3c,kmnist,ssb-v5.1,mlp,protocol-convergence-v1,0.3,0,100,3,1,296,297,0.0012942089815624058,0.0007232920033857226,246628352,0.9296875,0,3,03db48ef94d3,03db48ef94d3
0312cb93ccfc4f3c,kmnist,ssb-v5.1,mlp,protocol-convergence-v1,0.3,0,100,3,1,297,298,0.0013407499645836651,0.0007034580339677632,246628352,0.84375,0,3,03db48ef94d3,03db48ef94d3
0312cb93ccfc4f3c,kmnist,ssb-v5.1,mlp,protocol-convergence-v1,0.3,0,100,3,1,298,299,0.001161166001111269,0.0006424160092137754,246644736,0.8515625,0,3,03db48ef94d3,03db48ef94d3
0312cb93ccfc4f3c,kmnist,ssb-v5.1,mlp,protocol-convergence-v1,0.3,0,100,3,1,299,300,0.0012892079539597034,0.00075570895569399,246644736,0.8828125,1,4,03db48ef94d3,1739178a6b00
0312cb93ccfc4f3c,kmnist,ssb-v5.1,mlp,protocol-convergence-v1,0.3,0,100,3,1,300,301,0.0013828750234097242,0.0007754999678581953,246710272,0.84375,0,4,1739178a6b00,1739178a6b00
0312cb93ccfc4f3c,kmnist,ssb-v5.1,mlp,protocol-convergence-v1,0.3,0,100,3,1,301,302,0.0010632079793140292,0.0005989170167595148,246726656,0.8359375,0,4,1739178a6b00,1739178a6b00
0312cb93ccfc4f3c,kmnist,ssb-v5.1,mlp,protocol-convergence-v1,0.3,0,100,3,1,302,303,0.0007709169876761734,0.0005224579945206642,246743040,0.828125,0,4,1739178a6b00,1739178a6b00
0312cb93ccfc4f3c,kmnist,ssb-v5.1,mlp,protocol-convergence-v1,0.3,0,100,3,1,303,304,0.0008343749796040356,0.00048395799240097404,246759424,0.8828125,0,4,1739178a6b00,1739178a6b00
0312cb93ccfc4f3c,kmnist,ssb-v5.1,mlp,protocol-convergence-v1,0.3,0,100,3,1,304,305,0.0008797920309007168,0.0005100829876028001,246775808,0.875,0,4,1739178a6b00,1739178a6b00
0312cb93ccfc4f3c,kmnist,ssb-v5.1,mlp,protocol-convergence-v1,0.3,0,100,3,1,305,306,0.0007890000124461949,0.000557082996238023,246775808,0.828125,0,4,1739178a6b00,1739178a6b00
0312cb93ccfc4f3c,kmnist,ssb-v5.1,mlp,protocol-convergence-v1,0.3,0,100,3,1,306,307,0.001349334022961557,0.0007184160058386624,246775808,0.890625,0,4,1739178a6b00,1739178a6b00
0312cb93ccfc4f3c,kmnist,ssb-v5.1,mlp,protocol-convergence-v1,0.3,0,100,3,1,307,308,0.001314000051934272,0.0007486250251531601,246775808,0.9296875,0,4,1739178a6b00,1739178a6b00
0312cb93ccfc4f3c,kmnist,ssb-v5.1,mlp,protocol-convergence-v1,0.3,0,100,3,1,308,309,0.001369957986753434,0.0008030420285649598,246824960,0.875,0,4,1739178a6b00,1739178a6b00
0312cb93ccfc4f3c,kmnist,ssb-v5.1,mlp,protocol-convergence-v1,0.3,0,100,3,1,309,310,0.0012764169950969517,0.001006165985018015,246857728,0.8046875,0,4,1739178a6b00,1739178a6b00
0312cb93ccfc4f3c,kmnist,ssb-v5.1,mlp,protocol-convergence-v1,0.3,0,100,3,1,310,311,0.0011363750090822577,0.000779333000537008,246857728,0.90625,0,4,1739178a6b00,1739178a6b00
0312cb93ccfc4f3c,kmnist,ssb-v5.1,mlp,protocol-convergence-v1,0.3,0,100,3,1,311,312,0.0012195419985800982,0.0008062080014497042,246874112,0.90625,0,4,1739178a6b00,1739178a6b00
0312cb93ccfc4f3c,kmnist,ssb-v5.1,mlp,protocol-convergence-v1,0.3,0,100,3,1,312,313,0.001203124993480742,0.0007882920326665044,246906880,0.8203125,0,4,1739178a6b00,1739178a6b00
0312cb93ccfc4f3c,kmnist,ssb-v5.1,mlp,protocol-convergence-v1,0.3,0,100,3,1,313,314,0.0010569579899311066,0.0005149579956196249,246906880,0.8515625,0,4,1739178a6b00,1739178a6b00
0312cb93ccfc4f3c,kmnist,ssb-v5.1,mlp,protocol-convergence-v1,0.3,0,100,3,1,314,315,0.0007683750009164214,0.0005121249705553055,246906880,0.859375,0,4,1739178a6b00,1739178a6b00
0312cb93ccfc4f3c,kmnist,ssb-v5.1,mlp,protocol-convergence-v1,0.3,0,100,3,1,315,316,0.0008492500055581331,0.0005692080012522638,246906880,0.9140625,0,4,1739178a6b00,1739178a6b00
0312cb93ccfc4f3c,kmnist,ssb-v5.1,mlp,protocol-convergence-v1,0.3,0,100,3,1,316,317,0.0010198330273851752,0.0006882079760544002,246923264,0.8671875,0,4,1739178a6b00,1739178a6b00
0312cb93ccfc4f3c,kmnist,ssb-v5.1,mlp,protocol-convergence-v1,0.3,0,100,3,1,317,318,0.0011285829823464155,0.0006633329903706908,246956032,0.9140625,0,4,1739178a6b00,1739178a6b00
0312cb93ccfc4f3c,kmnist,ssb-v5.1,mlp,protocol-convergence-v1,0.3,0,100,3,1,318,319,0.0011397079797461629,0.0006535419961437583,246956032,0.90625,0,4,1739178a6b00,1739178a6b00
0312cb93ccfc4f3c,kmnist,ssb-v5.1,mlp,protocol-convergence-v1,0.3,0,100,3,1,319,320,0.001110917015466839,0.0007604159764014184,247070720,0.8359375,0,4,1739178a6b00,1739178a6b00
0312cb93ccfc4f3c,kmnist,ssb-v5.1,mlp,protocol-convergence-v1,0.3,0,100,3,1,320,321,0.0012258749920874834,0.0007696250104345381,247087104,0.8671875,0,4,1739178a6b00,1739178a6b00
0312cb93ccfc4f3c,kmnist,ssb-v5.1,mlp,protocol-convergence-v1,0.3,0,100,3,1,321,322,0.0013222910347394645,0.0007530000293627381,247087104,0.890625,0,4,1739178a6b00,1739178a6b00
0312cb93ccfc4f3c,kmnist,ssb-v5.1,mlp,protocol-convergence-v1,0.3,0,100,3,1,322,323,0.0011602919548749924,0.0006402080180123448,247103488,0.859375,0,4,1739178a6b00,1739178a6b00
0312cb93ccfc4f3c,kmnist,ssb-v5.1,mlp,protocol-convergence-v1,0.3,0,100,3,1,323,324,0.0010605829884298146,0.0005425410345196724,247103488,0.875,0,4,1739178a6b00,1739178a6b00
0312cb93ccfc4f3c,kmnist,ssb-v5.1,mlp,protocol-convergence-v1,0.3,0,100,3,1,324,325,0.0008995829848572612,0.0005137920379638672,247119872,0.8359375,0,4,1739178a6b00,1739178a6b00
0312cb93ccfc4f3c,kmnist,ssb-v5.1,mlp,protocol-convergence-v1,0.3,0,100,3,1,325,326,0.0007922080112621188,0.0005175000405870378,247119872,0.8671875,0,4,1739178a6b00,1739178a6b00
0312cb93ccfc4f3c,kmnist,ssb-v5.1,mlp,protocol-convergence-v1,0.3,0,100,3,1,326,327,0.0008203330216929317,0.0005320830387063324,247119872,0.875,0,4,1739178a6b00,1739178a6b00
0312cb93ccfc4f3c,kmnist,ssb-v5.1,mlp,protocol-convergence-v1,0.3,0,100,3,1,327,328,0.0018329579615965486,0.0012829580227844417,247922688,0.8671875,0,4,1739178a6b00,1739178a6b00
0312cb93ccfc4f3c,kmnist,ssb-v5.1,mlp,protocol-convergence-v1,0.3,0,100,3,1,328,329,0.0011250419775024056,0.0006718329968862236,247939072,0.890625,0,4,1739178a6b00,1739178a6b00
0312cb93ccfc4f3c,kmnist,ssb-v5.1,mlp,protocol-convergence-v1,0.3,0,100,3,1,329,330,0.0012866249890066683,0.0008255829452537,247939072,0.8671875,0,4,1739178a6b00,1739178a6b00
0312cb93ccfc4f3c,kmnist,ssb-v5.1,mlp,protocol-convergence-v1,0.3,0,100,3,1,330,331,0.0012245000107213855,0.0007519169594161212,247971840,0.875,0,4,1739178a6b00,1739178a6b00
0312cb93ccfc4f3c,kmnist,ssb-v5.1,mlp,protocol-convergence-v1,0.3,0,100,3,1,331,332,0.0014140839921310544,0.000751083018258214,247971840,0.890625,0,4,1739178a6b00,1739178a6b00
0312cb93ccfc4f3c,kmnist,ssb-v5.1,mlp,protocol-convergence-v1,0.3,0,100,3,1,332,333,0.0015495409606955945,0.0008472089539282024,247988224,0.859375,0,4,1739178a6b00,1739178a6b00
0312cb93ccfc4f3c,kmnist,ssb-v5.1,mlp,protocol-convergence-v1,0.3,0,100,3,1,333,334,0.0012649170239455998,0.0007593329646624625,248004608,0.890625,0,4,1739178a6b00,1739178a6b00
0312cb93ccfc4f3c,kmnist,ssb-v5.1,mlp,protocol-convergence-v1,0.3,0,100,3,1,334,335,0.0008866250282153487,0.0005412080208770931,248004608,0.90625,0,4,1739178a6b00,1739178a6b00
0312cb93ccfc4f3c,kmnist,ssb-v5.1,mlp,protocol-convergence-v1,0.3,0,100,3,1,335,336,0.0008048340096138418,0.0005166669725440443,248020992,0.921875,0,4,1739178a6b00,1739178a6b00
0312cb93ccfc4f3c,kmnist,ssb-v5.1,mlp,protocol-convergence-v1,0.3,0,100,3,1,336,337,0.0008197090355679393,0.0006177079631015658,248037376,0.90625,0,4,1739178a6b00,1739178a6b00
0312cb93ccfc4f3c,kmnist,ssb-v5.1,mlp,protocol-convergence-v1,0.3,0,100,3,1,337,338,0.001228917040862143,0.0008213749970309436,248053760,0.9296875,0,4,1739178a6b00,1739178a6b00
0312cb93ccfc4f3c,kmnist,ssb-v5.1,mlp,protocol-convergence-v1,0.3,0,100,3,1,338,339,0.0012876669643446803,0.0006714579649269581,248053760,0.84375,0,4,1739178a6b00,1739178a6b00
0312cb93ccfc4f3c,kmnist,ssb-v5.1,mlp,protocol-convergence-v1,0.3,0,100,3,1,339,340,0.0014220000011846423,0.0007379999733529985,248053760,0.8671875,0,4,1739178a6b00,1739178a6b00
0312cb93ccfc4f3c,kmnist,ssb-v5.1,mlp,protocol-convergence-v1,0.3,0,100,3,1,340,341,0.0014548749895766377,0.0008012919570319355,248070144,0.8828125,0,4,1739178a6b00,1739178a6b00
0312cb93ccfc4f3c,kmnist,ssb-v5.1,mlp,protocol-convergence-v1,0.3,0,100,3,1,341,342,0.0014910419704392552,0.0008970420458354056,250003456,0.8515625,0,4,1739178a6b00,1739178a6b00
0312cb93ccfc4f3c,kmnist,ssb-v5.1,mlp,protocol-convergence-v1,0.3,0,100,3,1,342,343,0.0015908339992165565,0.000973624992184341,250003456,0.8828125,0,4,1739178a6b00,1739178a6b00
0312cb93ccfc4f3c,kmnist,ssb-v5.1,mlp,protocol-convergence-v1,0.3,0,100,3,1,343,344,0.001499708043411374,0.0008082919521257281,250019840,0.8984375,0,4,1739178a6b00,1739178a6b00
0312cb93ccfc4f3c,kmnist,ssb-v5.1,mlp,protocol-convergence-v1,0.3,0,100,3,1,344,345,0.0008938750252127647,0.0005870000459253788,250036224,0.9140625,0,4,1739178a6b00,1739178a6b00
0312cb93ccfc4f3c,kmnist,ssb-v5.1,mlp,protocol-convergence-v1,0.3,0,100,3,1,345,346,0.0010856249718926847,0.000713749963324517,250036224,0.8984375,0,4,1739178a6b00,1739178a6b00
0312cb93ccfc4f3c,kmnist,ssb-v5.1,mlp,protocol-convergence-v1,0.3,0,100,3,1,346,347,0.0013005840010009706,0.0007830839604139328,250036224,0.8515625,0,4,1739178a6b00,1739178a6b00
0312cb93ccfc4f3c,kmnist,ssb-v5.1,mlp,protocol-convergence-v1,0.3,0,100,3,1,347,348,0.0013046659878455102,0.0007704999879933894,250052608,0.828125,0,4,1739178a6b00,1739178a6b00
0312cb93ccfc4f3c,kmnist,ssb-v5.1,mlp,protocol-convergence-v1,0.3,0,100,3,1,348,349,0.0015173329738900065,0.0009050410008057952,250068992,0.8828125,0,4,1739178a6b00,1739178a6b00
0312cb93ccfc4f3c,kmnist,ssb-v5.1,mlp,protocol-convergence-v1,0.3,0,100,3,1,349,350,0.0014884999836795032,0.000868000031914562,250118144,0.90625,0,4,1739178a6b00,1739178a6b00
0312cb93ccfc4f3c,kmnist,ssb-v5.1,mlp,protocol-convergence-v1,0.3,0,100,3,1,350,351,0.0010522499796934426,0.0005784160457551479,250118144,0.921875,0,4,1739178a6b00,1739178a6b00
0312cb93ccfc4f3c,kmnist,ssb-v5.1,mlp,protocol-convergence-v1,0.3,0,100,3,1,351,352,0.000784332980401814,0.0005567920161411166,250118144,0.8984375,0,4,1739178a6b00,1739178a6b00
0312cb93ccfc4f3c,kmnist,ssb-v5.1,mlp,protocol-convergence-v1,0.3,0,100,3,1,352,353,0.0010622499976307154,0.0006026250193826854,250134528,0.8671875,0,4,1739178a6b00,1739178a6b00
0312cb93ccfc4f3c,kmnist,ssb-v5.1,mlp,protocol-convergence-v1,0.3,0,100,3,1,353,354,0.0011575419921427965,0.0007440000190399587,250134528,0.8515625,0,4,1739178a6b00,1739178a6b00
0312cb93ccfc4f3c,kmnist,ssb-v5.1,mlp,protocol-convergence-v1,0.3,0,100,3,1,354,355,0.00141345796873793,0.0008244169875979424,250134528,0.90625,0,4,1739178a6b00,1739178a6b00
0312cb93ccfc4f3c,kmnist,ssb-v5.1,mlp,protocol-convergence-v1,0.3,0,100,3,1,355,356,0.0012639170163311064,0.0006933749536983669,250150912,0.890625,0,4,1739178a6b00,1739178a6b00
0312cb93ccfc4f3c,kmnist,ssb-v5.1,mlp,protocol-convergence-v1,0.3,0,100,3,1,356,357,0.0008334579761140049,0.0005083750002086163,250167296,0.875,0,4,1739178a6b00,1739178a6b00
0312cb93ccfc4f3c,kmnist,ssb-v5.1,mlp,protocol-convergence-v1,0.3,0,100,3,1,357,358,0.0009014169918373227,0.0005055000074207783,250167296,0.8515625,0,4,1739178a6b00,1739178a6b00
0312cb93ccfc4f3c,kmnist,ssb-v5.1,mlp,protocol-convergence-v1,0.3,0,100,3,1,358,359,0.0008876670035533607,0.0005349160055629909,250167296,0.890625,0,4,1739178a6b00,1739178a6b00
0312cb93ccfc4f3c,kmnist,ssb-v5.1,mlp,protocol-convergence-v1,0.3,0,100,3,1,359,360,0.0009561250335536897,0.0005727499956265092,250167296,0.84375,0,4,1739178a6b00,1739178a6b00
0312cb93ccfc4f3c,kmnist,ssb-v5.1,mlp,protocol-convergence-v1,0.3,0,100,3,1,360,361,0.0008285840158350766,0.0005619580042548478,250183680,0.828125,0,4,1739178a6b00,1739178a6b00
0312cb93ccfc4f3c,kmnist,ssb-v5.1,mlp,protocol-convergence-v1,0.3,0,100,3,1,361,362,0.0008175830007530749,0.0005683340132236481,250183680,0.875,0,4,1739178a6b00,1739178a6b00
0312cb93ccfc4f3c,kmnist,ssb-v5.1,mlp,protocol-convergence-v1,0.3,0,100,3,1,362,363,0.0008360409992747009,0.0005332920118235052,250200064,0.890625,0,4,1739178a6b00,1739178a6b00
0312cb93ccfc4f3c,kmnist,ssb-v5.1,mlp,protocol-convergence-v1,0.3,0,100,3,1,363,364,0.0008001250098459423,0.0005149169592186809,250200064,0.890625,0,4,1739178a6b00,1739178a6b00
0312cb93ccfc4f3c,kmnist,ssb-v5.1,mlp,protocol-convergence-v1,0.3,0,100,3,1,364,365,0.0008158340351656079,0.0005273330025374889,250216448,0.9140625,0,4,1739178a6b00,1739178a6b00
0312cb93ccfc4f3c,kmnist,ssb-v5.1,mlp,protocol-convergence-v1,0.3,0,100,3,1,365,366,0.0007759579457342625,0.0005235410062596202,250216448,0.8203125,0,4,1739178a6b00,1739178a6b00
0312cb93ccfc4f3c,kmnist,ssb-v5.1,mlp,protocol-convergence-v1,0.3,0,100,3,1,366,367,0.0007962919771671295,0.000527750002220273,250216448,0.859375,0,4,1739178a6b00,1739178a6b00
0312cb93ccfc4f3c,kmnist,ssb-v5.1,mlp,protocol-convergence-v1,0.3,0,100,3,1,367,368,0.0008112919749692082,0.000556000042706728,250216448,0.890625,0,4,1739178a6b00,1739178a6b00
0312cb93ccfc4f3c,kmnist,ssb-v5.1,mlp,protocol-convergence-v1,0.3,0,100,3,1,368,369,0.0009797500097192824,0.0006268330034799874,250232832,0.8671875,0,4,1739178a6b00,1739178a6b00
0312cb93ccfc4f3c,kmnist,ssb-v5.1,mlp,protocol-convergence-v1,0.3,0,100,3,1,369,370,0.0013292920193634927,0.0007859169854782522,250249216,0.875,0,4,1739178a6b00,1739178a6b00
0312cb93ccfc4f3c,kmnist,ssb-v5.1,mlp,protocol-convergence-v1,0.3,0,100,3,1,370,371,0.0013676669914275408,0.0007763750036247075,250249216,0.84375,0,4,1739178a6b00,1739178a6b00
0312cb93ccfc4f3c,kmnist,ssb-v5.1,mlp,protocol-convergence-v1,0.3,0,100,3,1,371,372,0.0014694579876959324,0.0008882919792085886,250249216,0.90625,0,4,1739178a6b00,1739178a6b00
0312cb93ccfc4f3c,kmnist,ssb-v5.1,mlp,protocol-convergence-v1,0.3,0,100,3,1,372,373,0.0015322499675676227,0.004089250054676086,250265600,0.875,0,4,1739178a6b00,1739178a6b00
0312cb93ccfc4f3c,kmnist,ssb-v5.1,mlp,protocol-convergence-v1,0.3,0,100,3,1,373,374,0.001524917024653405,0.0007169580203481019,250265600,0.8984375,0,4,1739178a6b00,1739178a6b00
0312cb93ccfc4f3c,kmnist,ssb-v5.1,mlp,protocol-convergence-v1,0.3,0,100,3,1,374,375,0.0009625829989090562,0.0005402080132625997,250281984,0.9375,0,4,1739178a6b00,1739178a6b00
0312cb93ccfc4f3c,kmnist,ssb-v5.1,mlp,protocol-convergence-v1,0.3,0,100,3,1,375,376,0.0008126249886117876,0.0005579169956035912,250281984,0.890625,0,4,1739178a6b00,1739178a6b00
0312cb93ccfc4f3c,kmnist,ssb-v5.1,mlp,protocol-convergence-v1,0.3,0,100,3,1,376,377,0.0010006250231526792,0.0006394170341081917,250298368,0.84375,0,4,1739178a6b00,1739178a6b00
0312cb93ccfc4f3c,kmnist,ssb-v5.1,mlp,protocol-convergence-v1,0.3,0,100,3,1,377,378,0.0012962500331923366,0.0007662079879082739,250298368,0.875,0,4,1739178a6b00,1739178a6b00
0312cb93ccfc4f3c,kmnist,ssb-v5.1,mlp,protocol-convergence-v1,0.3,0,100,3,1,378,379,0.0015910420333966613,0.0008161249570548534,250298368,0.9140625,0,4,1739178a6b00,1739178a6b00
0312cb93ccfc4f3c,kmnist,ssb-v5.1,mlp,protocol-convergence-v1,0.3,0,100,3,1,379,380,0.0013368750223889947,0.0007238329853862524,250363904,0.90625,0,4,1739178a6b00,1739178a6b00
0312cb93ccfc4f3c,kmnist,ssb-v5.1,mlp,protocol-convergence-v1,0.3,0,100,3,1,380,381,0.001291499997023493,0.0007391249528154731,250396672,0.9453125,0,4,1739178a6b00,1739178a6b00
0312cb93ccfc4f3c,kmnist,ssb-v5.1,mlp,protocol-convergence-v1,0.3,0,100,3,1,381,382,0.0015949590015225112,0.000712667009793222,250429440,0.921875,0,4,1739178a6b00,1739178a6b00
0312cb93ccfc4f3c,kmnist,ssb-v5.1,mlp,protocol-convergence-v1,0.3,0,100,3,1,382,383,0.0015011249925009906,0.000827791984193027,250429440,0.9296875,0,4,1739178a6b00,1739178a6b00
0312cb93ccfc4f3c,kmnist,ssb-v5.1,mlp,protocol-convergence-v1,0.3,0,100,3,1,383,384,0.0010685839806683362,0.000663833983708173,250429440,0.84375,0,4,1739178a6b00,1739178a6b00
0312cb93ccfc4f3c,kmnist,ssb-v5.1,mlp,protocol-convergence-v1,0.3,0,100,3,1,384,385,0.0012840830022469163,0.0007762919995002449,250445824,0.8984375,0,4,1739178a6b00,1739178a6b00
0312cb93ccfc4f3c,kmnist,ssb-v5.1,mlp,protocol-convergence-v1,0.3,0,100,3,1,385,386,0.0012688339920714498,0.0006838749977760017,250478592,0.875,0,4,1739178a6b00,1739178a6b00
0312cb93ccfc4f3c,kmnist,ssb-v5.1,mlp,protocol-convergence-v1,0.3,0,100,3,1,386,387,0.0011367080151103437,0.0008391249575652182,250511360,0.90625,0,4,1739178a6b00,1739178a6b00
0312cb93ccfc4f3c,kmnist,ssb-v5.1,mlp,protocol-convergence-v1,0.3,0,100,3,1,387,388,0.0014342500362545252,0.0008089579641819,250511360,0.875,0,4,1739178a6b00,1739178a6b00
0312cb93ccfc4f3c,kmnist,ssb-v5.1,mlp,protocol-convergence-v1,0.3,0,100,3,1,388,389,0.0014407080016098917,0.0008380410145036876,250560512,0.8671875,0,4,1739178a6b00,1739178a6b00
0312cb93ccfc4f3c,kmnist,ssb-v5.1,mlp,protocol-convergence-v1,0.3,0,100,3,1,389,390,0.0014301250339485705,0.0008298340253531933,250560512,0.9453125,0,4,1739178a6b00,1739178a6b00
0312cb93ccfc4f3c,kmnist,ssb-v5.1,mlp,protocol-convergence-v1,0.3,0,100,3,1,390,391,0.0010715000098571181,0.0005804579704999924,250560512,0.8828125,0,4,1739178a6b00,1739178a6b00
0312cb93ccfc4f3c,kmnist,ssb-v5.1,mlp,protocol-convergence-v1,0.3,0,100,3,1,391,392,0.0009196670143865049,0.0005099999834783375,250560512,0.875,0,4,1739178a6b00,1739178a6b00
0312cb93ccfc4f3c,kmnist,ssb-v5.1,mlp,protocol-convergence-v1,0.3,0,100,3,1,392,393,0.0008386250119656324,0.0005819579819217324,250576896,0.875,0,4,1739178a6b00,1739178a6b00
0312cb93ccfc4f3c,kmnist,ssb-v5.1,mlp,protocol-convergence-v1,0.3,0,100,3,1,393,394,0.0012005840544588864,0.0006830419879406691,250576896,0.875,0,4,1739178a6b00,1739178a6b00
0312cb93ccfc4f3c,kmnist,ssb-v5.1,mlp,protocol-convergence-v1,0.3,0,100,3,1,394,395,0.0014672499964945018,0.0007509589777328074,250593280,0.8984375,0,4,1739178a6b00,1739178a6b00
0312cb93ccfc4f3c,kmnist,ssb-v5.1,mlp,protocol-convergence-v1,0.3,0,100,3,1,395,396,0.0012261659721843898,0.000914708012714982,250609664,0.9375,0,4,1739178a6b00,1739178a6b00
0312cb93ccfc4f3c,kmnist,ssb-v5.1,mlp,protocol-convergence-v1,0.3,0,100,3,1,396,397,0.0014734170399606228,0.0008391250157728791,250626048,0.90625,0,4,1739178a6b00,1739178a6b00
0312cb93ccfc4f3c,kmnist,ssb-v5.1,mlp,protocol-convergence-v1,0.3,0,100,3,1,397,398,0.0013626249856315553,0.0010070839780382812,250675200,0.90625,0,4,1739178a6b00,1739178a6b00
0312cb93ccfc4f3c,kmnist,ssb-v5.1,mlp,protocol-convergence-v1,0.3,0,100,3,1,398,399,0.0012633329606615007,0.0007259999983943999,250675200,0.859375,0,4,1739178a6b00,1739178a6b00
0312cb93ccfc4f3c,kmnist,ssb-v5.1,mlp,protocol-convergence-v1,0.3,0,100,3,1,399,400,0.000964208971709013,0.0005612500244751573,250675200,0.8984375,1,5,1739178a6b00,930a4946e32a
0312cb93ccfc4f3c,kmnist,ssb-v5.1,mlp,protocol-convergence-v1,0.3,0,100,3,1,400,401,0.0008090840419754386,0.0005629580118693411,250740736,0.8984375,0,5,930a4946e32a,930a4946e32a
0312cb93ccfc4f3c,kmnist,ssb-v5.1,mlp,protocol-convergence-v1,0.3,0,100,3,1,401,402,0.0013277920079417527,0.0006938340375199914,250740736,0.875,0,5,930a4946e32a,930a4946e32a
0312cb93ccfc4f3c,kmnist,ssb-v5.1,mlp,protocol-convergence-v1,0.3,0,100,3,1,402,403,0.0013032920542173088,0.0007410839898511767,250773504,0.9140625,0,5,930a4946e32a,930a4946e32a
0312cb93ccfc4f3c,kmnist,ssb-v5.1,mlp,protocol-convergence-v1,0.3,0,100,3,1,403,404,0.0013372090179473162,0.0007600000244565308,250773504,0.90625,0,5,930a4946e32a,930a4946e32a
0312cb93ccfc4f3c,kmnist,ssb-v5.1,mlp,protocol-convergence-v1,0.3,0,100,3,1,404,405,0.0013328330242075026,0.0007787920185364783,250789888,0.8671875,0,5,930a4946e32a,930a4946e32a
0312cb93ccfc4f3c,kmnist,ssb-v5.1,mlp,protocol-convergence-v1,0.3,0,100,3,1,405,406,0.0010325830080546439,0.0005549580091610551,250806272,0.8828125,0,5,930a4946e32a,930a4946e32a
0312cb93ccfc4f3c,kmnist,ssb-v5.1,mlp,protocol-convergence-v1,0.3,0,100,3,1,406,407,0.0007989580044522882,0.0005170420045033097,250822656,0.890625,0,5,930a4946e32a,930a4946e32a
0312cb93ccfc4f3c,kmnist,ssb-v5.1,mlp,protocol-convergence-v1,0.3,0,100,3,1,407,408,0.0009124999633058906,0.0005116670508868992,250839040,0.859375,0,5,930a4946e32a,930a4946e32a
0312cb93ccfc4f3c,kmnist,ssb-v5.1,mlp,protocol-convergence-v1,0.3,0,100,3,1,408,409,0.0007761659799143672,0.0004938750062137842,250888192,0.890625,0,5,930a4946e32a,930a4946e32a
0312cb93ccfc4f3c,kmnist,ssb-v5.1,mlp,protocol-convergence-v1,0.3,0,100,3,1,409,410,0.0007968749850988388,0.0006773750064894557,250888192,0.9375,0,5,930a4946e32a,930a4946e32a
0312cb93ccfc4f3c,kmnist,ssb-v5.1,mlp,protocol-convergence-v1,0.3,0,100,3,1,410,411,0.0009016660042107105,0.0005260829930193722,250904576,0.84375,0,5,930a4946e32a,930a4946e32a
0312cb93ccfc4f3c,kmnist,ssb-v5.1,mlp,protocol-convergence-v1,0.3,0,100,3,1,411,412,0.0008800000068731606,0.0005081249983049929,250904576,0.8515625,0,5,930a4946e32a,930a4946e32a
0312cb93ccfc4f3c,kmnist,ssb-v5.1,mlp,protocol-convergence-v1,0.3,0,100,3,1,412,413,0.0009140000329352915,0.0005174580146558583,250937344,0.8671875,0,5,930a4946e32a,930a4946e32a
0312cb93ccfc4f3c,kmnist,ssb-v5.1,mlp,protocol-convergence-v1,0.3,0,100,3,1,413,414,0.0008896660292521119,0.0005175840342417359,250937344,0.9296875,0,5,930a4946e32a,930a4946e32a
0312cb93ccfc4f3c,kmnist,ssb-v5.1,mlp,protocol-convergence-v1,0.3,0,100,3,1,414,415,0.0008824579999782145,0.0005094999796710908,250970112,0.8828125,0,5,930a4946e32a,930a4946e32a
0312cb93ccfc4f3c,kmnist,ssb-v5.1,mlp,protocol-convergence-v1,0.3,0,100,3,1,415,416,0.0008964999578893185,0.000518666987773031,250986496,0.8828125,0,5,930a4946e32a,930a4946e32a
0312cb93ccfc4f3c,kmnist,ssb-v5.1,mlp,protocol-convergence-v1,0.3,0,100,3,1,416,417,0.0008935420191846788,0.000662707956507802,251002880,0.8671875,0,5,930a4946e32a,930a4946e32a
0312cb93ccfc4f3c,kmnist,ssb-v5.1,mlp,protocol-convergence-v1,0.3,0,100,3,1,417,418,0.0007797500002197921,0.0004993749898858368,251002880,0.859375,0,5,930a4946e32a,930a4946e32a
0312cb93ccfc4f3c,kmnist,ssb-v5.1,mlp,protocol-convergence-v1,0.3,0,100,3,1,418,419,0.0007820840110071003,0.00048045796575024724,251035648,0.875,0,5,930a4946e32a,930a4946e32a
0312cb93ccfc4f3c,kmnist,ssb-v5.1,mlp,protocol-convergence-v1,0.3,0,100,3,1,419,420,0.0007641660049557686,0.0004976660129614174,251052032,0.890625,0,5,930a4946e32a,930a4946e32a
0312cb93ccfc4f3c,kmnist,ssb-v5.1,mlp,protocol-convergence-v1,0.3,0,100,3,1,420,421,0.0007943750242702663,0.0005210840026848018,251084800,0.8359375,0,5,930a4946e32a,930a4946e32a
0312cb93ccfc4f3c,kmnist,ssb-v5.1,mlp,protocol-convergence-v1,0.3,0,100,3,1,421,422,0.0007991669699549675,0.0004964999970979989,251101184,0.8828125,0,5,930a4946e32a,930a4946e32a
0312cb93ccfc4f3c,kmnist,ssb-v5.1,mlp,protocol-convergence-v1,0.3,0,100,3,1,422,423,0.0008849999867379665,0.0005144999595358968,251101184,0.8359375,0,5,930a4946e32a,930a4946e32a
0312cb93ccfc4f3c,kmnist,ssb-v5.1,mlp,protocol-convergence-v1,0.3,0,100,3,1,423,424,0.0008883339469321072,0.0005087919998914003,251117568,0.8828125,0,5,930a4946e32a,930a4946e32a
0312cb93ccfc4f3c,kmnist,ssb-v5.1,mlp,protocol-convergence-v1,0.3,0,100,3,1,424,425,0.0007842080085538328,0.0005027499864809215,251183104,0.859375,0,5,930a4946e32a,930a4946e32a
0312cb93ccfc4f3c,kmnist,ssb-v5.1,mlp,protocol-convergence-v1,0.3,0,100,3,1,425,426,0.0007773329853080213,0.0005023330450057983,251183104,0.875,0,5,930a4946e32a,930a4946e32a
0312cb93ccfc4f3c,kmnist,ssb-v5.1,mlp,protocol-convergence-v1,0.3,0,100,3,1,426,427,0.0007938340422697365,0.0005358749767765403,251199488,0.8984375,0,5,930a4946e32a,930a4946e32a
0312cb93ccfc4f3c,kmnist,ssb-v5.1,mlp,protocol-convergence-v1,0.3,0,100,3,1,427,428,0.0007833340205252171,0.0005012500332668424,251199488,0.8828125,0,5,930a4946e32a,930a4946e32a
0312cb93ccfc4f3c,kmnist,ssb-v5.1,mlp,protocol-convergence-v1,0.3,0,100,3,1,428,429,0.0008201669552363455,0.0004930419963784516,251232256,0.8984375,0,5,930a4946e32a,930a4946e32a
0312cb93ccfc4f3c,kmnist,ssb-v5.1,mlp,protocol-convergence-v1,0.3,0,100,3,1,429,430,0.0008714169962331653,0.000567499955650419,251232256,0.8828125,0,5,930a4946e32a,930a4946e32a
0312cb93ccfc4f3c,kmnist,ssb-v5.1,mlp,protocol-convergence-v1,0.3,0,100,3,1,430,431,0.000789417012128979,0.0005207920330576599,251265024,0.8828125,0,5,930a4946e32a,930a4946e32a
0312cb93ccfc4f3c,kmnist,ssb-v5.1,mlp,protocol-convergence-v1,0.3,0,100,3,1,431,432,0.0007931250147521496,0.0005257499869912863,251265024,0.8671875,0,5,930a4946e32a,930a4946e32a
0312cb93ccfc4f3c,kmnist,ssb-v5.1,mlp,protocol-convergence-v1,0.3,0,100,3,1,432,433,0.0007811249815858901,0.0005032909684814513,251281408,0.859375,0,5,930a4946e32a,930a4946e32a
0312cb93ccfc4f3c,kmnist,ssb-v5.1,mlp,protocol-convergence-v1,0.3,0,100,3,1,433,434,0.0007860410260036588,0.0005004580016247928,251281408,0.8984375,0,5,930a4946e32a,930a4946e32a
0312cb93ccfc4f3c,kmnist,ssb-v5.1,mlp,protocol-convergence-v1,0.3,0,100,3,1,434,435,0.000786124961450696,0.0005217909929342568,251281408,0.9375,0,5,930a4946e32a,930a4946e32a
0312cb93ccfc4f3c,kmnist,ssb-v5.1,mlp,protocol-convergence-v1,0.3,0,100,3,1,435,436,0.0007875000010244548,0.0005287920357659459,251297792,0.8984375,0,5,930a4946e32a,930a4946e32a
0312cb93ccfc4f3c,kmnist,ssb-v5.1,mlp,protocol-convergence-v1,0.3,0,100,3,1,436,437,0.0007644169963896275,0.0005130830104462802,251330560,0.84375,0,5,930a4946e32a,930a4946e32a
0312cb93ccfc4f3c,kmnist,ssb-v5.1,mlp,protocol-convergence-v1,0.3,0,100,3,1,437,438,0.0008292080019600689,0.000506000011228025,251330560,0.875,0,5,930a4946e32a,930a4946e32a
0312cb93ccfc4f3c,kmnist,ssb-v5.1,mlp,protocol-convergence-v1,0.3,0,100,3,1,438,439,0.0008716249722056091,0.0006419170531444252,251330560,0.8828125,0,5,930a4946e32a,930a4946e32a
0312cb93ccfc4f3c,kmnist,ssb-v5.1,mlp,protocol-convergence-v1,0.3,0,100,3,1,439,440,0.00077887496445328,0.000511875026859343,251346944,0.953125,0,5,930a4946e32a,930a4946e32a
0312cb93ccfc4f3c,kmnist,ssb-v5.1,mlp,protocol-convergence-v1,0.3,0,100,3,1,440,441,0.00087162503041327,0.0005232919938862324,251396096,0.8984375,0,5,930a4946e32a,930a4946e32a
0312cb93ccfc4f3c,kmnist,ssb-v5.1,mlp,protocol-convergence-v1,0.3,0,100,3,1,441,442,0.0007708750199526548,0.0005131670041009784,251396096,0.875,0,5,930a4946e32a,930a4946e32a
0312cb93ccfc4f3c,kmnist,ssb-v5.1,mlp,protocol-convergence-v1,0.3,0,100,3,1,442,443,0.0007869589608162642,0.0005210420349612832,251412480,0.90625,0,5,930a4946e32a,930a4946e32a
0312cb93ccfc4f3c,kmnist,ssb-v5.1,mlp,protocol-convergence-v1,0.3,0,100,3,1,443,444,0.0007859580218791962,0.0005163330351933837,251412480,0.8984375,0,5,930a4946e32a,930a4946e32a
0312cb93ccfc4f3c,kmnist,ssb-v5.1,mlp,protocol-convergence-v1,0.3,0,100,3,1,444,445,0.0008769580163061619,0.0005067919846624136,251428864,0.84375,0,5,930a4946e32a,930a4946e32a
0312cb93ccfc4f3c,kmnist,ssb-v5.1,mlp,protocol-convergence-v1,0.3,0,100,3,1,445,446,0.000846999988425523,0.0005017090006731451,251428864,0.9296875,0,5,930a4946e32a,930a4946e32a
0312cb93ccfc4f3c,kmnist,ssb-v5.1,mlp,protocol-convergence-v1,0.3,0,100,3,1,446,447,0.0007837499724701047,0.0005052500055171549,251428864,0.9296875,0,5,930a4946e32a,930a4946e32a
0312cb93ccfc4f3c,kmnist,ssb-v5.1,mlp,protocol-convergence-v1,0.3,0,100,3,1,447,448,0.0007744169561192393,0.0005020410171709955,251428864,0.921875,0,5,930a4946e32a,930a4946e32a
0312cb93ccfc4f3c,kmnist,ssb-v5.1,mlp,protocol-convergence-v1,0.3,0,100,3,1,448,449,0.0008811249863356352,0.0005334580200724304,251478016,0.9453125,0,5,930a4946e32a,930a4946e32a
0312cb93ccfc4f3c,kmnist,ssb-v5.1,mlp,protocol-convergence-v1,0.3,0,100,3,1,449,450,0.0008439159719273448,0.000510290963575244,251478016,0.890625,0,5,930a4946e32a,930a4946e32a
0312cb93ccfc4f3c,kmnist,ssb-v5.1,mlp,protocol-convergence-v1,0.3,0,100,3,1,450,451,0.0008296659798361361,0.0005442500114440918,251478016,0.8359375,0,5,930a4946e32a,930a4946e32a
0312cb93ccfc4f3c,kmnist,ssb-v5.1,mlp,protocol-convergence-v1,0.3,0,100,3,1,451,452,0.0009322499972768128,0.0005114160012453794,251478016,0.875,0,5,930a4946e32a,930a4946e32a
0312cb93ccfc4f3c,kmnist,ssb-v5.1,mlp,protocol-convergence-v1,0.3,0,100,3,1,452,453,0.0008028749725781381,0.0004927910049445927,251494400,0.8671875,0,5,930a4946e32a,930a4946e32a
0312cb93ccfc4f3c,kmnist,ssb-v5.1,mlp,protocol-convergence-v1,0.3,0,100,3,1,453,454,0.0008113330113701522,0.0005257920129224658,251494400,0.8984375,0,5,930a4946e32a,930a4946e32a
0312cb93ccfc4f3c,kmnist,ssb-v5.1,mlp,protocol-convergence-v1,0.3,0,100,3,1,454,455,0.0008342079818248749,0.0004997919895686209,251527168,0.90625,0,5,930a4946e32a,930a4946e32a
0312cb93ccfc4f3c,kmnist,ssb-v5.1,mlp,protocol-convergence-v1,0.3,0,100,3,1,455,456,0.0008474579663015902,0.0005011659814044833,251527168,0.921875,0,5,930a4946e32a,930a4946e32a
0312cb93ccfc4f3c,kmnist,ssb-v5.1,mlp,protocol-convergence-v1,0.3,0,100,3,1,456,457,0.0008437910000793636,0.0005163750029169023,251543552,0.8671875,0,5,930a4946e32a,930a4946e32a
0312cb93ccfc4f3c,kmnist,ssb-v5.1,mlp,protocol-convergence-v1,0.3,0,100,3,1,457,458,0.0007906660321168602,0.0005201249732635915,251543552,0.8984375,0,5,930a4946e32a,930a4946e32a
0312cb93ccfc4f3c,kmnist,ssb-v5.1,mlp,protocol-convergence-v1,0.3,0,100,3,1,458,459,0.0007805000059306622,0.0005124169983901083,251543552,0.9140625,0,5,930a4946e32a,930a4946e32a
0312cb93ccfc4f3c,kmnist,ssb-v5.1,mlp,protocol-convergence-v1,0.3,0,100,3,1,459,460,0.0007790829986333847,0.000517625012435019,251543552,0.8984375,0,5,930a4946e32a,930a4946e32a
0312cb93ccfc4f3c,kmnist,ssb-v5.1,mlp,protocol-convergence-v1,0.3,0,100,3,1,460,461,0.0007636669906787574,0.0005142909940332174,251576320,0.8984375,0,5,930a4946e32a,930a4946e32a
0312cb93ccfc4f3c,kmnist,ssb-v5.1,mlp,protocol-convergence-v1,0.3,0,100,3,1,461,462,0.0007768329815007746,0.0004957920173183084,251576320,0.90625,0,5,930a4946e32a,930a4946e32a
0312cb93ccfc4f3c,kmnist,ssb-v5.1,mlp,protocol-convergence-v1,0.3,0,100,3,1,462,463,0.0008215000270865858,0.0006420409772545099,251576320,0.890625,0,5,930a4946e32a,930a4946e32a
0312cb93ccfc4f3c,kmnist,ssb-v5.1,mlp,protocol-convergence-v1,0.3,0,100,3,1,463,464,0.0007805000059306622,0.0005194999976083636,251576320,0.875,0,5,930a4946e32a,930a4946e32a
0312cb93ccfc4f3c,kmnist,ssb-v5.1,mlp,protocol-convergence-v1,0.3,0,100,3,1,464,465,0.0007798330043442547,0.0005079169641248882,251609088,0.8828125,0,5,930a4946e32a,930a4946e32a
0312cb93ccfc4f3c,kmnist,ssb-v5.1,mlp,protocol-convergence-v1,0.3,0,100,3,1,465,466,0.000883542001247406,0.0005046669975854456,251625472,0.921875,0,5,930a4946e32a,930a4946e32a
0312cb93ccfc4f3c,kmnist,ssb-v5.1,mlp,protocol-convergence-v1,0.3,0,100,3,1,466,467,0.0007812909898348153,0.0005210830131545663,251658240,0.9375,0,5,930a4946e32a,930a4946e32a
0312cb93ccfc4f3c,kmnist,ssb-v5.1,mlp,protocol-convergence-v1,0.3,0,100,3,1,467,468,0.0007679160335101187,0.000504916999489069,251658240,0.953125,0,5,930a4946e32a,930a4946e32a
0312cb93ccfc4f3c,kmnist,ssb-v5.1,mlp,protocol-convergence-v1,0.3,0,100,3,1,468,469,0.0007368749938905239,0.01881345798028633,260997120,0.8854166666666666,0,5,930a4946e32a,930a4946e32a
