dataset,model,keep_ratio,seed,epoch,batch,backward_time_s,memory_bytes,batch_accuracy
cifar100,pruning,0.5,1,1,0,0.032083500002045184,667435008,0.015625
cifar100,pruning,0.5,1,1,1,0.004773332999320701,683556864,0.0234375
cifar100,pruning,0.5,1,1,2,0.004654290998587385,685146112,0.015625
cifar100,pruning,0.5,1,1,3,0.004641124993213452,685441024,0.046875
cifar100,pruning,0.5,1,1,4,0.00401879200944677,687046656,0.0078125
cifar100,pruning,0.5,1,1,5,0.0036478330002864823,687046656,0.0234375
cifar100,pruning,0.5,1,1,6,0.0036485410091700032,687161344,0.046875
cifar100,pruning,0.5,1,1,7,0.0036177909933030605,687161344,0.015625
cifar100,pruning,0.5,1,1,8,0.003540416990290396,688750592,0.0234375
cifar100,pruning,0.5,1,1,9,0.0035464590037008747,688750592,0.046875
cifar100,pruning,0.5,1,1,10,0.00351145799504593,688750592,0.015625
cifar100,pruning,0.5,1,1,11,0.0035897500056307763,688750592,0.015625
cifar100,pruning,0.5,1,1,12,0.0036023749999003485,688750592,0.0234375
cifar100,pruning,0.5,1,1,13,0.00350379099836573,688766976,0.0234375
cifar100,pruning,0.5,1,1,14,0.0036216669977875426,688766976,0.046875
cifar100,pruning,0.5,1,1,15,0.0036605000059353188,688766976,0.0390625
cifar100,pruning,0.5,1,1,16,0.0035932500031776726,688766976,0.046875
cifar100,pruning,0.5,1,1,17,0.0036408329906407744,688766976,0.0390625
cifar100,pruning,0.5,1,1,18,0.0035924580006394535,688766976,0.0625
cifar100,pruning,0.5,1,1,19,0.0035151250049239025,688766976,0.0390625
cifar100,pruning,0.5,1,1,20,0.0035279170115245506,688766976,0.046875
cifar100,pruning,0.5,1,1,21,0.003559375007171184,688783360,0.0546875
cifar100,pruning,0.5,1,1,22,0.0036005419970024377,688783360,0.078125
cifar100,pruning,0.5,1,1,23,0.0035991670010844246,688799744,0.03125
cifar100,pruning,0.5,1,1,24,0.003544624996720813,688799744,0.078125
cifar100,pruning,0.5,1,1,25,0.0036208329984219745,688799744,0.0625
cifar100,pruning,0.5,1,1,26,0.0036094579991186038,688799744,0.0390625
cifar100,pruning,0.5,1,1,27,0.0036035840021213517,688799744,0.0390625
cifar100,pruning,0.5,1,1,28,0.003604041994549334,688799744,0.0703125
cifar100,pruning,0.5,1,1,29,0.0035906249977415428,689766400,0.0078125
cifar100,pruning,0.5,1,1,30,0.0036450829938985407,689766400,0.0859375
cifar100,pruning,0.5,1,1,31,0.003530083005898632,689782784,0.046875
cifar100,pruning,0.5,1,1,32,0.003540582998539321,689782784,0.0546875
cifar100,pruning,0.5,1,1,33,0.0037115839950274676,689782784,0.0703125
cifar100,pruning,0.5,1,1,34,0.003604708006605506,689782784,0.0546875
cifar100,pruning,0.5,1,1,35,0.003471499992883764,689782784,0.0546875
cifar100,pruning,0.5,1,1,36,0.003605167003115639,689782784,0.0390625
cifar100,pruning,0.5,1,1,37,0.003536375006660819,689782784,0.0078125
cifar100,pruning,0.5,1,1,38,0.0036179580056341365,689782784,0.0546875
cifar100,pruning,0.5,1,1,39,0.0035989160096505657,689782784,0.0625
cifar100,pruning,0.5,1,1,40,0.0035065830015810207,689782784,0.0546875
cifar100,pruning,0.5,1,1,41,0.003605166988563724,689782784,0.046875
cifar100,pruning,0.5,1,1,42,0.003544708000845276,689782784,0.046875
cifar100,pruning,0.5,1,1,43,0.0035431249998509884,689799168,0.0546875
cifar100,pruning,0.5,1,1,44,0.0036589579976862296,689799168,0.0390625
cifar100,pruning,0.5,1,1,45,0.0035277919960208237,689799168,0.046875
cifar100,pruning,0.5,1,1,46,0.0034836659906432033,689799168,0.0546875
cifar100,pruning,0.5,1,1,47,0.0035318750014994293,689799168,0.03125
cifar100,pruning,0.5,1,1,48,0.003539166005793959,689799168,0.0546875
cifar100,pruning,0.5,1,1,49,0.003548415988916531,689799168,0.078125
cifar100,pruning,0.5,1,1,50,0.0035387500101933256,689799168,0.0859375
cifar100,pruning,0.5,1,1,51,0.0036802920076297596,689799168,0.0546875
cifar100,pruning,0.5,1,1,52,0.003598124996642582,689799168,0.046875
cifar100,pruning,0.5,1,1,53,0.0034858750004787,689799168,0.046875
cifar100,pruning,0.5,1,1,54,0.0035198749974370003,689799168,0.046875
cifar100,pruning,0.5,1,1,55,0.003544584003975615,689815552,0.078125
cifar100,pruning,0.5,1,1,56,0.0034707080048974603,689815552,0.0625
cifar100,pruning,0.5,1,1,57,0.0035170000046491623,689815552,0.0703125
cifar100,pruning,0.5,1,1,58,0.0035935829946538433,689815552,0.046875
cifar100,pruning,0.5,1,1,59,0.003528624991304241,689815552,0.078125
cifar100,pruning,0.5,1,1,60,0.003542541991919279,689815552,0.078125
cifar100,pruning,0.5,1,1,61,0.003538124990882352,689815552,0.046875
cifar100,pruning,0.5,1,1,62,0.0035905409895349294,689815552,0.0859375
cifar100,pruning,0.5,1,1,63,0.003665333002572879,690421760,0.1015625
cifar100,pruning,0.5,1,1,64,0.0038309170049615204,690421760,0.0390625
cifar100,pruning,0.5,1,1,65,0.0036144170007901266,690421760,0.0546875
cifar100,pruning,0.5,1,1,66,0.0036333750031189993,690421760,0.0546875
cifar100,pruning,0.5,1,1,67,0.0035338749876245856,690421760,0.0859375
cifar100,pruning,0.5,1,1,68,0.0035624170122900978,690421760,0.0625
cifar100,pruning,0.5,1,1,69,0.003603958000894636,690421760,0.09375
cifar100,pruning,0.5,1,1,70,0.003522125000017695,690421760,0.0703125
cifar100,pruning,0.5,1,1,71,0.0035267080093035474,690421760,0.109375
cifar100,pruning,0.5,1,1,72,0.0036057919933227822,690421760,0.078125
cifar100,pruning,0.5,1,1,73,0.0035422079963609576,690421760,0.0546875
cifar100,pruning,0.5,1,1,74,0.003605749996495433,690421760,0.0625
cifar100,pruning,0.5,1,1,75,0.003528540997649543,690421760,0.0703125
cifar100,pruning,0.5,1,1,76,0.0035288749932078645,690421760,0.0859375
cifar100,pruning,0.5,1,1,77,0.0035964170092483982,690421760,0.0703125
cifar100,pruning,0.5,1,1,78,0.0036135830014245585,690421760,0.046875
cifar100,pruning,0.5,1,1,79,0.003592041990486905,690421760,0.1015625
cifar100,pruning,0.5,1,1,80,0.0035399579937802628,690421760,0.03125
cifar100,pruning,0.5,1,1,81,0.00359204200503882,690421760,0.1015625
cifar100,pruning,0.5,1,1,82,0.0035213750088587403,690421760,0.1015625
cifar100,pruning,0.5,1,1,83,0.0035211249924032018,690421760,0.0703125
cifar100,pruning,0.5,1,1,84,0.0035257089912192896,690421760,0.0703125
cifar100,pruning,0.5,1,1,85,0.0035886660043615848,690421760,0.0546875
cifar100,pruning,0.5,1,1,86,0.0035377919994061813,690421760,0.09375
cifar100,pruning,0.5,1,1,87,0.0035191249917261302,690421760,0.078125
cifar100,pruning,0.5,1,1,88,0.0035303330078022555,690421760,0.09375
cifar100,pruning,0.5,1,1,89,0.0035052500024903566,690421760,0.0859375
cifar100,pruning,0.5,1,1,90,0.003635957997175865,690421760,0.078125
cifar100,pruning,0.5,1,1,91,0.0035370840050745755,690421760,0.0625
cifar100,pruning,0.5,1,1,92,0.003530667003360577,690421760,0.046875
cifar100,pruning,0.5,1,1,93,0.003515208009048365,690421760,0.0625
cifar100,pruning,0.5,1,1,94,0.0035310829989612103,690421760,0.0703125
cifar100,pruning,0.5,1,1,95,0.003591957996832207,690421760,0.09375
cifar100,pruning,0.5,1,1,96,0.003601332995458506,690421760,0.0703125
cifar100,pruning,0.5,1,1,97,0.003544790990417823,690421760,0.1328125
cifar100,pruning,0.5,1,1,98,0.0035351669939700514,690421760,0.0546875
cifar100,pruning,0.5,1,1,99,0.003527249995386228,690421760,0.109375
cifar100,pruning,0.5,1,1,100,0.0035416250029811636,690421760,0.09375
cifar100,pruning,0.5,1,1,101,0.003592291002860293,690421760,0.0859375
cifar100,pruning,0.5,1,1,102,0.0035432500008028,690438144,0.03125
cifar100,pruning,0.5,1,1,103,0.0035311249957885593,690438144,0.1015625
cifar100,pruning,0.5,1,1,104,0.0034903749910881743,690438144,0.0390625
cifar100,pruning,0.5,1,1,105,0.0035201249993406236,690438144,0.109375
cifar100,pruning,0.5,1,1,106,0.0035153339995304123,690454528,0.0703125
cifar100,pruning,0.5,1,1,107,0.003541833008057438,690454528,0.1328125
cifar100,pruning,0.5,1,1,108,0.0035167910100426525,690454528,0.09375
cifar100,pruning,0.5,1,1,109,0.003515375006827526,690454528,0.0546875
cifar100,pruning,0.5,1,1,110,0.003504207998048514,690454528,0.09375
cifar100,pruning,0.5,1,1,111,0.003532165996148251,690454528,0.1171875
cifar100,pruning,0.5,1,1,112,0.003512916009640321,690454528,0.109375
cifar100,pruning,0.5,1,1,113,0.003590874999645166,690454528,0.1640625
cifar100,pruning,0.5,1,1,114,0.0035394169972278178,690454528,0.0703125
cifar100,pruning,0.5,1,1,115,0.0036105839972151443,690454528,0.0546875
cifar100,pruning,0.5,1,1,116,0.003512374998535961,690454528,0.078125
cifar100,pruning,0.5,1,1,117,0.003525874999468215,690454528,0.0859375
cifar100,pruning,0.5,1,1,118,0.0035178329999325797,690454528,0.0703125
cifar100,pruning,0.5,1,1,119,0.0035342499904800206,690454528,0.0859375
cifar100,pruning,0.5,1,1,120,0.003647415986051783,690454528,0.0703125
cifar100,pruning,0.5,1,1,121,0.0035440409992588684,690454528,0.1015625
cifar100,pruning,0.5,1,1,122,0.003543583006830886,690454528,0.1015625
cifar100,pruning,0.5,1,1,123,0.0035187920002499595,690454528,0.0625
cifar100,pruning,0.5,1,1,124,0.003528792003635317,690454528,0.0703125
cifar100,pruning,0.5,1,1,125,0.003588167004636489,690454528,0.078125
cifar100,pruning,0.5,1,1,126,0.0035798750031972304,690454528,0.0859375
cifar100,pruning,0.5,1,1,127,0.0035324999917065725,690454528,0.078125
cifar100,pruning,0.5,1,1,128,0.00354341599449981,690454528,0.0859375
cifar100,pruning,0.5,1,1,129,0.003546499996446073,690454528,0.0546875
cifar100,pruning,0.5,1,1,130,0.003599083996959962,690454528,0.0546875
cifar100,pruning,0.5,1,1,131,0.003689665987621993,690470912,0.0703125
cifar100,pruning,0.5,1,1,132,0.0037357090041041374,690470912,0.0703125
cifar100,pruning,0.5,1,1,133,0.003940915994462557,690470912,0.1015625
cifar100,pruning,0.5,1,1,134,0.003898249997291714,690470912,0.109375
cifar100,pruning,0.5,1,1,135,0.0036835420032730326,690470912,0.078125
cifar100,pruning,0.5,1,1,136,0.003590082997106947,690470912,0.0546875
cifar100,pruning,0.5,1,1,137,0.003529915993567556,690470912,0.125
cifar100,pruning,0.5,1,1,138,0.0035896670015063137,690470912,0.1171875
cifar100,pruning,0.5,1,1,139,0.003592458990169689,690470912,0.0703125
cifar100,pruning,0.5,1,1,140,0.0035629170015454292,690470912,0.078125
cifar100,pruning,0.5,1,1,141,0.003516374999890104,690470912,0.0859375
cifar100,pruning,0.5,1,1,142,0.0036080830032005906,690470912,0.0546875
cifar100,pruning,0.5,1,1,143,0.003522625003824942,690470912,0.078125
cifar100,pruning,0.5,1,1,144,0.0035322500043548644,690470912,0.109375
cifar100,pruning,0.5,1,1,145,0.003509665999445133,690470912,0.0859375
cifar100,pruning,0.5,1,1,146,0.003527084001689218,690470912,0.109375
cifar100,pruning,0.5,1,1,147,0.003513875009957701,690470912,0.09375
cifar100,pruning,0.5,1,1,148,0.0035343329946044832,690470912,0.109375
cifar100,pruning,0.5,1,1,149,0.003530290996422991,690470912,0.0859375
cifar100,pruning,0.5,1,1,150,0.0035203329898649827,690470912,0.1484375
cifar100,pruning,0.5,1,1,151,0.003538791002938524,690487296,0.0859375
cifar100,pruning,0.5,1,1,152,0.0035972500045318156,690487296,0.15625
cifar100,pruning,0.5,1,1,153,0.0035692499950528145,690487296,0.0859375
cifar100,pruning,0.5,1,1,154,0.0035199590056436136,690487296,0.0859375
cifar100,pruning,0.5,1,1,155,0.0035309999948367476,690487296,0.125
cifar100,pruning,0.5,1,1,156,0.0035342079936526716,690487296,0.0625
cifar100,pruning,0.5,1,1,157,0.0035617920075310394,690487296,0.0625
cifar100,pruning,0.5,1,1,158,0.003530125002725981,690487296,0.0859375
cifar100,pruning,0.5,1,1,159,0.0035892500018235296,690487296,0.09375
cifar100,pruning,0.5,1,1,160,0.003611624997574836,690503680,0.015625
cifar100,pruning,0.5,1,1,161,0.003528375003952533,690503680,0.1171875
cifar100,pruning,0.5,1,1,162,0.00352270899747964,690503680,0.09375
cifar100,pruning,0.5,1,1,163,0.0035969169985037297,690503680,0.0703125
cifar100,pruning,0.5,1,1,164,0.0035367090022191405,690503680,0.1015625
cifar100,pruning,0.5,1,1,165,0.0035398330073803663,690503680,0.0546875
cifar100,pruning,0.5,1,1,166,0.0035138749954057857,690503680,0.140625
cifar100,pruning,0.5,1,1,167,0.003521374994306825,690503680,0.109375
cifar100,pruning,0.5,1,1,168,0.0035380000044824556,690503680,0.1484375
cifar100,pruning,0.5,1,1,169,0.0036220839974703267,690454528,0.140625
cifar100,pruning,0.5,1,1,170,0.003533124996465631,690454528,0.09375
cifar100,pruning,0.5,1,1,171,0.0034966669918503612,690454528,0.0625
cifar100,pruning,0.5,1,1,172,0.0035421659995336086,690454528,0.1328125
cifar100,pruning,0.5,1,1,173,0.003522875005728565,690454528,0.0703125
cifar100,pruning,0.5,1,1,174,0.0035007089900318533,690454528,0.0703125
cifar100,pruning,0.5,1,1,175,0.0035139579995302483,690454528,0.09375
cifar100,pruning,0.5,1,1,176,0.003489959010039456,690454528,0.125
cifar100,pruning,0.5,1,1,177,0.00347616701037623,690454528,0.0859375
cifar100,pruning,0.5,1,1,178,0.00352533400291577,690454528,0.1328125
cifar100,pruning,0.5,1,1,179,0.003521542006637901,690454528,0.1015625
cifar100,pruning,0.5,1,1,180,0.0035326250072102994,690454528,0.125
cifar100,pruning,0.5,1,1,181,0.003544332997989841,690454528,0.140625
cifar100,pruning,0.5,1,1,182,0.0035389999975450337,690454528,0.0546875
cifar100,pruning,0.5,1,1,183,0.0035234579991083592,690454528,0.0859375
cifar100,pruning,0.5,1,1,184,0.003542166989063844,690470912,0.1328125
cifar100,pruning,0.5,1,1,185,0.003530583009705879,690470912,0.0703125
cifar100,pruning,0.5,1,1,186,0.0035175829980289564,690470912,0.0625
cifar100,pruning,0.5,1,1,187,0.003504209002130665,690470912,0.0625
cifar100,pruning,0.5,1,1,188,0.0035260000004200265,690470912,0.0859375
cifar100,pruning,0.5,1,1,189,0.0035334589920239523,690470912,0.15625
cifar100,pruning,0.5,1,1,190,0.0035307919897604734,690470912,0.046875
cifar100,pruning,0.5,1,1,191,0.003525209001963958,690470912,0.078125
cifar100,pruning,0.5,1,1,192,0.0035391669953241944,690470912,0.1015625
cifar100,pruning,0.5,1,1,193,0.00353895899024792,690470912,0.1328125
cifar100,pruning,0.5,1,1,194,0.0035480829974403605,690470912,0.109375
cifar100,pruning,0.5,1,1,195,0.0035377919994061813,690470912,0.1015625
cifar100,pruning,0.5,1,1,196,0.0035309590020915493,690470912,0.09375
cifar100,pruning,0.5,1,1,197,0.003537374999723397,690470912,0.078125
cifar100,pruning,0.5,1,1,198,0.00353445801010821,690470912,0.0859375
cifar100,pruning,0.5,1,1,199,0.003537124997819774,690470912,0.0859375
cifar100,pruning,0.5,1,1,200,0.0035117090010317042,690470912,0.1171875
cifar100,pruning,0.5,1,1,201,0.00349933399411384,690470912,0.0625
cifar100,pruning,0.5,1,1,202,0.003511499991873279,690470912,0.1171875
cifar100,pruning,0.5,1,1,203,0.003596165988710709,690470912,0.109375
cifar100,pruning,0.5,1,1,204,0.003519249992677942,690470912,0.078125
cifar100,pruning,0.5,1,1,205,0.003505875007249415,690470912,0.109375
cifar100,pruning,0.5,1,1,206,0.003520540994941257,690470912,0.109375
cifar100,pruning,0.5,1,1,207,0.0035834160080412403,690470912,0.109375
cifar100,pruning,0.5,1,1,208,0.0035234579991083592,690470912,0.0859375
cifar100,pruning,0.5,1,1,209,0.003539249999448657,690470912,0.09375
cifar100,pruning,0.5,1,1,210,0.0035231249930802733,690470912,0.0859375
cifar100,pruning,0.5,1,1,211,0.0035300419986015186,690470912,0.109375
cifar100,pruning,0.5,1,1,212,0.0035219160054111853,690470912,0.09375
cifar100,pruning,0.5,1,1,213,0.003525916996295564,690470912,0.1015625
cifar100,pruning,0.5,1,1,214,0.003529333000187762,690470912,0.15625
cifar100,pruning,0.5,1,1,215,0.003504458989482373,690470912,0.1484375
cifar100,pruning,0.5,1,1,216,0.003515082993544638,690470912,0.0703125
cifar100,pruning,0.5,1,1,217,0.0035455409961286932,690470912,0.0859375
cifar100,pruning,0.5,1,1,218,0.00351595800020732,690470912,0.09375
cifar100,pruning,0.5,1,1,219,0.003520416998071596,690470912,0.078125
cifar100,pruning,0.5,1,1,220,0.003508915993734263,690470912,0.125
cifar100,pruning,0.5,1,1,221,0.003527249995386228,690470912,0.0859375
cifar100,pruning,0.5,1,1,222,0.0035143749992130324,690470912,0.09375
cifar100,pruning,0.5,1,1,223,0.0035384590009925887,690470912,0.09375
cifar100,pruning,0.5,1,1,224,0.0035779590107267722,690470912,0.15625
cifar100,pruning,0.5,1,1,225,0.003533584007527679,690470912,0.09375
cifar100,pruning,0.5,1,1,226,0.00352099999145139,690470912,0.078125
cifar100,pruning,0.5,1,1,227,0.0035260419972473755,690470912,0.140625
cifar100,pruning,0.5,1,1,228,0.003536834003170952,690470912,0.09375
cifar100,pruning,0.5,1,1,229,0.003522667000652291,690470912,0.09375
cifar100,pruning,0.5,1,1,230,0.0035235840041423216,690470912,0.0625
cifar100,pruning,0.5,1,1,231,0.003468208000413142,690470912,0.1171875
cifar100,pruning,0.5,1,1,232,0.0035402920038904995,690470912,0.0625
cifar100,pruning,0.5,1,1,233,0.0034976669994648546,690470912,0.078125
cifar100,pruning,0.5,1,1,234,0.003533750001224689,690470912,0.0703125
cifar100,pruning,0.5,1,1,235,0.0035364159994060174,690470912,0.09375
cifar100,pruning,0.5,1,1,236,0.003528207991621457,690470912,0.125
cifar100,pruning,0.5,1,1,237,0.003528916000504978,690470912,0.0703125
cifar100,pruning,0.5,1,1,238,0.003525874999468215,690470912,0.0859375
cifar100,pruning,0.5,1,1,239,0.0035374590079300106,690470912,0.1015625
cifar100,pruning,0.5,1,1,240,0.0035307919897604734,690470912,0.1171875
cifar100,pruning,0.5,1,1,241,0.0035391249984968454,690470912,0.1015625
cifar100,pruning,0.5,1,1,242,0.0035110000026179478,690470912,0.1015625
cifar100,pruning,0.5,1,1,243,0.0035277919960208237,690470912,0.09375
cifar100,pruning,0.5,1,1,244,0.0035285420017316937,690470912,0.109375
cifar100,pruning,0.5,1,1,245,0.0035234579991083592,690470912,0.0625
cifar100,pruning,0.5,1,1,246,0.0041560000099707395,691470336,0.0859375
cifar100,pruning,0.5,1,1,247,0.0037703749985666946,691470336,0.140625
cifar100,pruning,0.5,1,1,248,0.003716958992299624,691470336,0.09375
cifar100,pruning,0.5,1,1,249,0.003526500004227273,691732480,0.1171875
cifar100,pruning,0.5,1,1,250,0.003758457998628728,693305344,0.09375
cifar100,pruning,0.5,1,1,251,0.0035361250047571957,693305344,0.09375
cifar100,pruning,0.5,1,1,252,0.003621083000325598,693305344,0.109375
cifar100,pruning,0.5,1,1,253,0.0035414160083746538,693305344,0.1171875
cifar100,pruning,0.5,1,1,254,0.0036080830032005906,693305344,0.109375
cifar100,pruning,0.5,1,1,255,0.0036048330075573176,693305344,0.1328125
cifar100,pruning,0.5,1,1,256,0.003527666995069012,693305344,0.09375
cifar100,pruning,0.5,1,1,257,0.0035250840010121465,693305344,0.078125
cifar100,pruning,0.5,1,1,258,0.003723957997863181,693321728,0.0703125
cifar100,pruning,0.5,1,1,259,0.0035267500061308965,693321728,0.1015625
cifar100,pruning,0.5,1,1,260,0.0036134170077275485,693321728,0.1171875
cifar100,pruning,0.5,1,1,261,0.0036885000008624047,693321728,0.0859375
cifar100,pruning,0.5,1,1,262,0.0035054999898420647,693321728,0.1015625
cifar100,pruning,0.5,1,1,263,0.003595208007027395,693321728,0.125
cifar100,pruning,0.5,1,1,264,0.003527415989083238,693321728,0.0390625
cifar100,pruning,0.5,1,1,265,0.0035327910009073094,693321728,0.109375
cifar100,pruning,0.5,1,1,266,0.0036024589935550466,693321728,0.109375
cifar100,pruning,0.5,1,1,267,0.0035311249957885593,693321728,0.0703125
cifar100,pruning,0.5,1,1,268,0.003514041003654711,693321728,0.09375
cifar100,pruning,0.5,1,1,269,0.0035417500039329752,693321728,0.125
cifar100,pruning,0.5,1,1,270,0.0035206669999752194,693321728,0.078125
cifar100,pruning,0.5,1,1,271,0.00352341600228101,693321728,0.140625
cifar100,pruning,0.5,1,1,272,0.0035238339914940298,693321728,0.1484375
cifar100,pruning,0.5,1,1,273,0.0036112910020165145,693321728,0.09375
cifar100,pruning,0.5,1,1,274,0.0035924590047216043,693321728,0.1015625
cifar100,pruning,0.5,1,1,275,0.003535790994646959,693321728,0.1484375
cifar100,pruning,0.5,1,1,276,0.003536165997502394,693321728,0.1171875
cifar100,pruning,0.5,1,1,277,0.003599625008064322,693321728,0.1015625
cifar100,pruning,0.5,1,1,278,0.0035341670009074733,693338112,0.0859375
cifar100,pruning,0.5,1,1,279,0.003511499991873279,693338112,0.09375
cifar100,pruning,0.5,1,1,280,0.0035158750106347725,693338112,0.140625
cifar100,pruning,0.5,1,1,281,0.003535999989253469,693338112,0.0546875
cifar100,pruning,0.5,1,1,282,0.0036438749957596883,693338112,0.1015625
cifar100,pruning,0.5,1,1,283,0.0035525839921319857,693338112,0.109375
cifar100,pruning,0.5,1,1,284,0.0035330409882590175,693338112,0.0859375
cifar100,pruning,0.5,1,1,285,0.0035220420104451478,693338112,0.1015625
cifar100,pruning,0.5,1,1,286,0.0035304170014569536,693338112,0.0625
cifar100,pruning,0.5,1,1,287,0.0034897919977083802,693338112,0.078125
cifar100,pruning,0.5,1,1,288,0.003516750002745539,693338112,0.0859375
cifar100,pruning,0.5,1,1,289,0.0036444170109461993,693338112,0.1484375
cifar100,pruning,0.5,1,1,290,0.0036058330006198958,693338112,0.125
cifar100,pruning,0.5,1,1,291,0.0035204170126235113,693338112,0.109375
cifar100,pruning,0.5,1,1,292,0.003604208992328495,693338112,0.09375
cifar100,pruning,0.5,1,1,293,0.003525332998833619,693338112,0.1171875
cifar100,pruning,0.5,1,1,294,0.0035974999918835238,693338112,0.1015625
cifar100,pruning,0.5,1,1,295,0.003549374989233911,693338112,0.125
cifar100,pruning,0.5,1,1,296,0.0035240830038674176,693338112,0.109375
cifar100,pruning,0.5,1,1,297,0.003529541994794272,693338112,0.125
cifar100,pruning,0.5,1,1,298,0.00350474999868311,693338112,0.109375
cifar100,pruning,0.5,1,1,299,0.0035453750024316832,693338112,0.1171875
cifar100,pruning,0.5,1,1,300,0.0035930409940192476,693338112,0.0859375
cifar100,pruning,0.5,1,1,301,0.0035218330012867227,693338112,0.15625
cifar100,pruning,0.5,1,1,302,0.0036031249910593033,693338112,0.1015625
cifar100,pruning,0.5,1,1,303,0.0035248329950263724,693338112,0.1015625
cifar100,pruning,0.5,1,1,304,0.0035436659964034334,693338112,0.1328125
cifar100,pruning,0.5,1,1,305,0.0035241249861428514,693338112,0.0703125
cifar100,pruning,0.5,1,1,306,0.0035343330091563985,693338112,0.109375
cifar100,pruning,0.5,1,1,307,0.0035278750001452863,693338112,0.140625
cifar100,pruning,0.5,1,1,308,0.003600708005251363,693338112,0.1328125
cifar100,pruning,0.5,1,1,309,0.0035210420028306544,693338112,0.09375
cifar100,pruning,0.5,1,1,310,0.0034929169923998415,693338112,0.1484375
cifar100,pruning,0.5,1,1,311,0.0035880829964298755,693338112,0.1171875
cifar100,pruning,0.5,1,1,312,0.003531916008796543,693338112,0.125
cifar100,pruning,0.5,1,1,313,0.0035441250074654818,693338112,0.125
cifar100,pruning,0.5,1,1,314,0.003536582997185178,693338112,0.109375
cifar100,pruning,0.5,1,1,315,0.003540959005476907,693338112,0.0546875
cifar100,pruning,0.5,1,1,316,0.003540542005794123,693338112,0.09375
cifar100,pruning,0.5,1,1,317,0.003519207995850593,693338112,0.078125
cifar100,pruning,0.5,1,1,318,0.0035372079873923212,693338112,0.125
cifar100,pruning,0.5,1,1,319,0.0035886669938918203,693338112,0.125
cifar100,pruning,0.5,1,1,320,0.0035953340120613575,693338112,0.125
cifar100,pruning,0.5,1,1,321,0.0035942910035373643,693338112,0.1328125
cifar100,pruning,0.5,1,1,322,0.0035202919971197844,693338112,0.0859375
cifar100,pruning,0.5,1,1,323,0.003593749992433004,693338112,0.140625
cifar100,pruning,0.5,1,1,324,0.0035254579997854307,693354496,0.1328125
cifar100,pruning,0.5,1,1,325,0.00352866698813159,693354496,0.078125
cifar100,pruning,0.5,1,1,326,0.0035349170066183433,693354496,0.09375
cifar100,pruning,0.5,1,1,327,0.0035972500045318156,693354496,0.1171875
cifar100,pruning,0.5,1,1,328,0.003531207999913022,693354496,0.109375
cifar100,pruning,0.5,1,1,329,0.003513374991598539,693354496,0.1328125
cifar100,pruning,0.5,1,1,330,0.003523249994032085,693354496,0.1328125
cifar100,pruning,0.5,1,1,331,0.0034608749992912635,693354496,0.1328125
cifar100,pruning,0.5,1,1,332,0.0036007089947815984,693354496,0.1015625
cifar100,pruning,0.5,1,1,333,0.003532583999913186,693354496,0.0625
cifar100,pruning,0.5,1,1,334,0.0035189579939469695,693354496,0.078125
cifar100,pruning,0.5,1,1,335,0.003592500012018718,693354496,0.1640625
cifar100,pruning,0.5,1,1,336,0.0035423749941401184,693354496,0.15625
cifar100,pruning,0.5,1,1,337,0.003515667005558498,693354496,0.109375
cifar100,pruning,0.5,1,1,338,0.0035185829910915345,693354496,0.078125
cifar100,pruning,0.5,1,1,339,0.003508958005113527,693354496,0.0546875
cifar100,pruning,0.5,1,1,340,0.003527207998558879,693354496,0.0703125
cifar100,pruning,0.5,1,1,341,0.003525749998516403,693354496,0.1328125
cifar100,pruning,0.5,1,1,342,0.0035029170103371143,693354496,0.1015625
cifar100,pruning,0.5,1,1,343,0.0035394169972278178,693354496,0.125
cifar100,pruning,0.5,1,1,344,0.0035983749985462055,693354496,0.109375
cifar100,pruning,0.5,1,1,345,0.00354233400139492,693354496,0.1640625
cifar100,pruning,0.5,1,1,346,0.0034771659993566573,693354496,0.140625
cifar100,pruning,0.5,1,1,347,0.003541958998539485,693354496,0.15625
cifar100,pruning,0.5,1,1,348,0.0035385410010349005,693354496,0.1015625
cifar100,pruning,0.5,1,1,349,0.0035069160076091066,693354496,0.1171875
cifar100,pruning,0.5,1,1,350,0.003515457996400073,693354496,0.1328125
cifar100,pruning,0.5,1,1,351,0.0035139579995302483,693354496,0.0703125
cifar100,pruning,0.5,1,1,352,0.0035134579957230017,693354496,0.140625
cifar100,pruning,0.5,1,1,353,0.003603207995183766,693354496,0.1328125
cifar100,pruning,0.5,1,1,354,0.0035235000104876235,693354496,0.109375
cifar100,pruning,0.5,1,1,355,0.0035289170045871288,693354496,0.0625
cifar100,pruning,0.5,1,1,356,0.003512165989377536,693354496,0.0859375
cifar100,pruning,0.5,1,1,357,0.0036195420107105747,693354496,0.109375
cifar100,pruning,0.5,1,1,358,0.0035278750001452863,693354496,0.1171875
cifar100,pruning,0.5,1,1,359,0.0036166250065434724,693354496,0.1328125
cifar100,pruning,0.5,1,1,360,0.0035205000021960586,693354496,0.09375
cifar100,pruning,0.5,1,1,361,0.003505542001221329,693354496,0.1015625
cifar100,pruning,0.5,1,1,362,0.0036077080003451556,693354496,0.0859375
cifar100,pruning,0.5,1,1,363,0.0035826249950332567,693354496,0.1015625
cifar100,pruning,0.5,1,1,364,0.0035256670089438558,693354496,0.140625
cifar100,pruning,0.5,1,1,365,0.003522625003824942,693354496,0.09375
cifar100,pruning,0.5,1,1,366,0.003602292010327801,693354496,0.109375
cifar100,pruning,0.5,1,1,367,0.0035391669953241944,693354496,0.078125
cifar100,pruning,0.5,1,1,368,0.0035899579961551353,693354496,0.0703125
cifar100,pruning,0.5,1,1,369,0.003591667002183385,693354496,0.0703125
cifar100,pruning,0.5,1,1,370,0.003518917001201771,693354496,0.21875
cifar100,pruning,0.5,1,1,371,0.003519208010402508,693354496,0.0703125
cifar100,pruning,0.5,1,1,372,0.0034949999972013757,693354496,0.140625
cifar100,pruning,0.5,1,1,373,0.003510250011458993,693354496,0.140625
cifar100,pruning,0.5,1,1,374,0.003523999999742955,693354496,0.09375
cifar100,pruning,0.5,1,1,375,0.0036414579953998327,693354496,0.140625
cifar100,pruning,0.5,1,1,376,0.0035863749944837764,693354496,0.078125
cifar100,pruning,0.5,1,1,377,0.003506707987980917,693354496,0.1171875
cifar100,pruning,0.5,1,1,378,0.0036379999946802855,693354496,0.1484375
cifar100,pruning,0.5,1,1,379,0.0035102499969070777,693354496,0.109375
cifar100,pruning,0.5,1,1,380,0.0035249580105300993,693354496,0.1015625
cifar100,pruning,0.5,1,1,381,0.00352099999145139,693354496,0.1328125
cifar100,pruning,0.5,1,1,382,0.0035304170014569536,693354496,0.109375
cifar100,pruning,0.5,1,1,383,0.0035976249928353354,693354496,0.0859375
cifar100,pruning,0.5,1,1,384,0.0035282919998280704,693354496,0.109375
cifar100,pruning,0.5,1,1,385,0.0035823750076815486,693354496,0.078125
cifar100,pruning,0.5,1,1,386,0.0036252919962862507,693354496,0.09375
cifar100,pruning,0.5,1,1,387,0.0035014999884879217,693354496,0.109375
cifar100,pruning,0.5,1,1,388,0.0035853750014211982,693354496,0.1015625
cifar100,pruning,0.5,1,1,389,0.003528834000462666,693354496,0.125
cifar100,pruning,0.5,1,1,390,0.027397500001825392,699006976,0.1
cifar100,pruning,0.5,1,2,0,0.0041625419980846345,705347584,0.140625
cifar100,pruning,0.5,1,2,1,0.0037679169909097254,705347584,0.1328125
cifar100,pruning,0.5,1,2,2,0.0036638330057030544,706232320,0.1171875
cifar100,pruning,0.5,1,2,3,0.0036129169893683866,706232320,0.1015625
cifar100,pruning,0.5,1,2,4,0.0036409169988473877,706248704,0.125
cifar100,pruning,0.5,1,2,5,0.0036050000053364784,706248704,0.09375
cifar100,pruning,0.5,1,2,6,0.0036646249936893582,706248704,0.0859375
cifar100,pruning,0.5,1,2,7,0.0035429170093266293,706248704,0.1171875
cifar100,pruning,0.5,1,2,8,0.0035966669966001064,706248704,0.1484375
cifar100,pruning,0.5,1,2,9,0.0035355409927433357,706248704,0.125
cifar100,pruning,0.5,1,2,10,0.0035840830096276477,706248704,0.1015625
cifar100,pruning,0.5,1,2,11,0.0035889999999199063,706248704,0.1328125
cifar100,pruning,0.5,1,2,12,0.003533124996465631,706248704,0.1015625
cifar100,pruning,0.5,1,2,13,0.0035422079963609576,706248704,0.109375
cifar100,pruning,0.5,1,2,14,0.0035437500046100467,706248704,0.1015625
cifar100,pruning,0.5,1,2,15,0.0035343329946044832,706248704,0.0859375
cifar100,pruning,0.5,1,2,16,0.0035311249957885593,706248704,0.0703125
cifar100,pruning,0.5,1,2,17,0.0035208750050514936,706248704,0.1484375
cifar100,pruning,0.5,1,2,18,0.003570790999219753,706248704,0.140625
cifar100,pruning,0.5,1,2,19,0.00352549999661278,706248704,0.1015625
cifar100,pruning,0.5,1,2,20,0.003602666998631321,706248704,0.140625
cifar100,pruning,0.5,1,2,21,0.003519375008181669,706248704,0.1328125
cifar100,pruning,0.5,1,2,22,0.003594458001316525,706248704,0.1015625
cifar100,pruning,0.5,1,2,23,0.0035061250091530383,706248704,0.0859375
cifar100,pruning,0.5,1,2,24,0.0036322499945526943,706248704,0.09375
cifar100,pruning,0.5,1,2,25,0.003531833994202316,706248704,0.1171875
cifar100,pruning,0.5,1,2,26,0.0035098749940516427,706248704,0.1171875
cifar100,pruning,0.5,1,2,27,0.0036152090033283457,706248704,0.1328125
cifar100,pruning,0.5,1,2,28,0.0035454999888315797,706248704,0.1328125
cifar100,pruning,0.5,1,2,29,0.003576000002794899,706248704,0.109375
cifar100,pruning,0.5,1,2,30,0.0035459579958114773,706248704,0.109375
cifar100,pruning,0.5,1,2,31,0.0035854159941663966,706248704,0.1328125
cifar100,pruning,0.5,1,2,32,0.003526790998876095,706248704,0.15625
cifar100,pruning,0.5,1,2,33,0.0035216249962104484,706248704,0.1640625
cifar100,pruning,0.5,1,2,34,0.0036295829922892153,706248704,0.140625
cifar100,pruning,0.5,1,2,35,0.0036294169985922053,706248704,0.1640625
cifar100,pruning,0.5,1,2,36,0.003771834002691321,706248704,0.09375
cifar100,pruning,0.5,1,2,37,0.0038372080016415566,706248704,0.125
cifar100,pruning,0.5,1,2,38,0.004012915989733301,706248704,0.171875
cifar100,pruning,0.5,1,2,39,0.0038181670097401366,706248704,0.1640625
cifar100,pruning,0.5,1,2,40,0.0036701659992104396,706248704,0.15625
cifar100,pruning,0.5,1,2,41,0.0036629579990403727,706248704,0.125
cifar100,pruning,0.5,1,2,42,0.0035353340063011274,706265088,0.109375
cifar100,pruning,0.5,1,2,43,0.0035890409926651046,706265088,0.125
cifar100,pruning,0.5,1,2,44,0.003543999991961755,706265088,0.15625
cifar100,pruning,0.5,1,2,45,0.0035995000071125105,706265088,0.1015625
cifar100,pruning,0.5,1,2,46,0.0035427499969955534,706265088,0.1171875
cifar100,pruning,0.5,1,2,47,0.003511750008328818,706265088,0.1328125
cifar100,pruning,0.5,1,2,48,0.003522625003824942,706265088,0.1796875
cifar100,pruning,0.5,1,2,49,0.0034882920008385554,706265088,0.109375
cifar100,pruning,0.5,1,2,50,0.003538457996910438,706265088,0.1328125
cifar100,pruning,0.5,1,2,51,0.0035239579883636907,706265088,0.09375
cifar100,pruning,0.5,1,2,52,0.0035093750047963113,706265088,0.1171875
cifar100,pruning,0.5,1,2,53,0.0034966660023201257,706281472,0.1328125
cifar100,pruning,0.5,1,2,54,0.0035139999963575974,706281472,0.140625
cifar100,pruning,0.5,1,2,55,0.0035366250085644424,706281472,0.109375
cifar100,pruning,0.5,1,2,56,0.003488458998617716,706281472,0.0859375
cifar100,pruning,0.5,1,2,57,0.003525916996295564,706281472,0.140625
cifar100,pruning,0.5,1,2,58,0.003525749998516403,706281472,0.1640625
cifar100,pruning,0.5,1,2,59,0.0035450410068733618,706281472,0.140625
cifar100,pruning,0.5,1,2,60,0.0035145840083714575,706281472,0.1171875
cifar100,pruning,0.5,1,2,61,0.0035257920098956674,706281472,0.1171875
cifar100,pruning,0.5,1,2,62,0.0035240420111222193,706281472,0.140625
cifar100,pruning,0.5,1,2,63,0.0035308340011397377,706281472,0.1171875
cifar100,pruning,0.5,1,2,64,0.0035234579991083592,706281472,0.171875
cifar100,pruning,0.5,1,2,65,0.00352625000232365,706281472,0.1484375
cifar100,pruning,0.5,1,2,66,0.0035197919933125377,706281472,0.1328125
cifar100,pruning,0.5,1,2,67,0.0035227500047767535,706281472,0.171875
cifar100,pruning,0.5,1,2,68,0.0034914580028271303,706281472,0.1015625
cifar100,pruning,0.5,1,2,69,0.003477374993963167,706281472,0.1640625
cifar100,pruning,0.5,1,2,70,0.0037025409983471036,706281472,0.109375
cifar100,pruning,0.5,1,2,71,0.00358454100205563,706281472,0.109375
cifar100,pruning,0.5,1,2,72,0.0035107500007143244,706281472,0.1171875
cifar100,pruning,0.5,1,2,73,0.003508333000354469,706281472,0.078125
cifar100,pruning,0.5,1,2,74,0.0035147920134477317,706281472,0.1328125
cifar100,pruning,0.5,1,2,75,0.0035234169918112457,706281472,0.09375
cifar100,pruning,0.5,1,2,76,0.00352625000232365,706281472,0.1328125
cifar100,pruning,0.5,1,2,77,0.0035214999952586368,706281472,0.125
cifar100,pruning,0.5,1,2,78,0.0035286250058561563,706281472,0.1328125
cifar100,pruning,0.5,1,2,79,0.0035386660019867122,706281472,0.1171875
cifar100,pruning,0.5,1,2,80,0.0035343329946044832,706281472,0.1640625
cifar100,pruning,0.5,1,2,81,0.00350308399356436,706281472,0.125
cifar100,pruning,0.5,1,2,82,0.0035331660037627444,706281472,0.140625
cifar100,pruning,0.5,1,2,83,0.0035024169919779524,706232320,0.1171875
cifar100,pruning,0.5,1,2,84,0.0035030419967370108,706232320,0.125
cifar100,pruning,0.5,1,2,85,0.0036781250091735274,706232320,0.1171875
cifar100,pruning,0.5,1,2,86,0.0035115000064251944,706232320,0.125
cifar100,pruning,0.5,1,2,87,0.003533333001541905,706232320,0.109375
cifar100,pruning,0.5,1,2,88,0.0035166669986210763,706232320,0.109375
cifar100,pruning,0.5,1,2,89,0.003526500004227273,706232320,0.125
cifar100,pruning,0.5,1,2,90,0.0035142080014338717,706232320,0.109375
cifar100,pruning,0.5,1,2,91,0.003540917008649558,706232320,0.1171875
cifar100,pruning,0.5,1,2,92,0.003508167006657459,706232320,0.1171875
cifar100,pruning,0.5,1,2,93,0.0035357079905224964,706232320,0.078125
cifar100,pruning,0.5,1,2,94,0.00352099999145139,706232320,0.1171875
cifar100,pruning,0.5,1,2,95,0.0035274580004625022,706232320,0.109375
cifar100,pruning,0.5,1,2,96,0.003531041002133861,706232320,0.1640625
cifar100,pruning,0.5,1,2,97,0.003519958001561463,706232320,0.1171875
cifar100,pruning,0.5,1,2,98,0.003526333995978348,706232320,0.140625
cifar100,pruning,0.5,1,2,99,0.0035330410028109327,706232320,0.1015625
cifar100,pruning,0.5,1,2,100,0.0035361670015845448,706232320,0.171875
cifar100,pruning,0.5,1,2,101,0.0035302089963806793,706232320,0.1015625
cifar100,pruning,0.5,1,2,102,0.0035088750009890646,706232320,0.1640625
cifar100,pruning,0.5,1,2,103,0.003524582993122749,706232320,0.140625
cifar100,pruning,0.5,1,2,104,0.0035057909990428016,706232320,0.1015625
cifar100,pruning,0.5,1,2,105,0.0035340419999556616,706232320,0.125
cifar100,pruning,0.5,1,2,106,0.0035341670009074733,706232320,0.1171875
cifar100,pruning,0.5,1,2,107,0.0035262080054963008,706232320,0.140625
cifar100,pruning,0.5,1,2,108,0.003531624999595806,706232320,0.109375
cifar100,pruning,0.5,1,2,109,0.0035311249957885593,706232320,0.1171875
cifar100,pruning,0.5,1,2,110,0.003534125004080124,706232320,0.1328125
cifar100,pruning,0.5,1,2,111,0.00347708300978411,706232320,0.1015625
cifar100,pruning,0.5,1,2,112,0.0035345420037629083,706232320,0.1171875
cifar100,pruning,0.5,1,2,113,0.0035466660046949983,706232320,0.109375
cifar100,pruning,0.5,1,2,114,0.0035128750023432076,706232320,0.1171875
cifar100,pruning,0.5,1,2,115,0.0035344589996384457,706232320,0.09375
cifar100,pruning,0.5,1,2,116,0.0035048330028075725,706232320,0.140625
cifar100,pruning,0.5,1,2,117,0.0035152089985786006,706232320,0.09375
cifar100,pruning,0.5,1,2,118,0.0035254579997854307,706232320,0.1171875
cifar100,pruning,0.5,1,2,119,0.003482542000710964,706232320,0.0859375
cifar100,pruning,0.5,1,2,120,0.0036434579960769042,706232320,0.1328125
cifar100,pruning,0.5,1,2,121,0.003529875000822358,706232320,0.1015625
cifar100,pruning,0.5,1,2,122,0.0035250420041847974,706232320,0.1640625
cifar100,pruning,0.5,1,2,123,0.003506791006657295,706232320,0.125
cifar100,pruning,0.5,1,2,124,0.0035334580024937168,706232320,0.125
cifar100,pruning,0.5,1,2,125,0.0035064159892499447,706232320,0.1015625
cifar100,pruning,0.5,1,2,126,0.0035383750073378906,706232320,0.15625
cifar100,pruning,0.5,1,2,127,0.003477541991742328,706232320,0.1171875
cifar100,pruning,0.5,1,2,128,0.0035245839972049,706232320,0.1484375
cifar100,pruning,0.5,1,2,129,0.0035322080075275153,706232320,0.1328125
cifar100,pruning,0.5,1,2,130,0.0035250410001026466,706232320,0.1171875
cifar100,pruning,0.5,1,2,131,0.003526291999150999,706232320,0.0859375
cifar100,pruning,0.5,1,2,132,0.0035277090064482763,706232320,0.1640625
cifar100,pruning,0.5,1,2,133,0.0036452080094022676,706232320,0.125
cifar100,pruning,0.5,1,2,134,0.0034621660015545785,706232320,0.1328125
cifar100,pruning,0.5,1,2,135,0.0035311249957885593,706232320,0.1171875
cifar100,pruning,0.5,1,2,136,0.0035297919966978952,706232320,0.0859375
cifar100,pruning,0.5,1,2,137,0.003505333006614819,706232320,0.140625
cifar100,pruning,0.5,1,2,138,0.003517416989780031,706232320,0.1015625
cifar100,pruning,0.5,1,2,139,0.0035417500039329752,706232320,0.1171875
cifar100,pruning,0.5,1,2,140,0.003519582998706028,706232320,0.1484375
cifar100,pruning,0.5,1,2,141,0.0035122919944114983,706232320,0.140625
cifar100,pruning,0.5,1,2,142,0.0035248750064056367,706232320,0.171875
cifar100,pruning,0.5,1,2,143,0.00352549999661278,706232320,0.1328125
cifar100,pruning,0.5,1,2,144,0.0035395840095588937,706232320,0.1015625
cifar100,pruning,0.5,1,2,145,0.0035235409886809066,706232320,0.0703125
cifar100,pruning,0.5,1,2,146,0.0035354169958736748,706232320,0.1484375
cifar100,pruning,0.5,1,2,147,0.003506875000311993,706232320,0.15625
cifar100,pruning,0.5,1,2,148,0.0035161249979864806,706232320,0.0859375
cifar100,pruning,0.5,1,2,149,0.0035246670013293624,706232320,0.1484375
cifar100,pruning,0.5,1,2,150,0.0035096250066999346,706232320,0.1796875
cifar100,pruning,0.5,1,2,151,0.003521125006955117,706232320,0.1171875
cifar100,pruning,0.5,1,2,152,0.0035250420041847974,706232320,0.1015625
cifar100,pruning,0.5,1,2,153,0.003525915992213413,706232320,0.125
cifar100,pruning,0.5,1,2,154,0.003519833000609651,706232320,0.109375
cifar100,pruning,0.5,1,2,155,0.0035164170112693682,706232320,0.125
cifar100,pruning,0.5,1,2,156,0.0035136250080540776,706232320,0.109375
cifar100,pruning,0.5,1,2,157,0.003518834011629224,706232320,0.125
cifar100,pruning,0.5,1,2,158,0.003525749998516403,706248704,0.1484375
cifar100,pruning,0.5,1,2,159,0.0035159170074621215,706248704,0.1328125
cifar100,pruning,0.5,1,2,160,0.003535208001267165,706248704,0.140625
cifar100,pruning,0.5,1,2,161,0.003525584004819393,706248704,0.1171875
cifar100,pruning,0.5,1,2,162,0.0035328749945620075,706248704,0.1484375
cifar100,pruning,0.5,1,2,163,0.003526083004544489,706248704,0.140625
cifar100,pruning,0.5,1,2,164,0.0035197499964851886,706248704,0.1015625
cifar100,pruning,0.5,1,2,165,0.003540000005159527,706248704,0.171875
cifar100,pruning,0.5,1,2,166,0.003522332990542054,706248704,0.140625
cifar100,pruning,0.5,1,2,167,0.0035223750019213185,706248704,0.1484375
cifar100,pruning,0.5,1,2,168,0.0035162499989382923,706248704,0.09375
cifar100,pruning,0.5,1,2,169,0.0035348750097909942,706248704,0.078125
cifar100,pruning,0.5,1,2,170,0.0035316670109750703,706248704,0.1015625
cifar100,pruning,0.5,1,2,171,0.003518083001836203,706248704,0.1328125
cifar100,pruning,0.5,1,2,172,0.0035172919888282195,706248704,0.09375
cifar100,pruning,0.5,1,2,173,0.0035307500074850395,706248704,0.125
cifar100,pruning,0.5,1,2,174,0.00352529100200627,706248704,0.0859375
cifar100,pruning,0.5,1,2,175,0.003720749999047257,706248704,0.109375
cifar100,pruning,0.5,1,2,176,0.0035438750055618584,706248704,0.1015625
cifar100,pruning,0.5,1,2,177,0.0035212919901823625,706248704,0.1171875
cifar100,pruning,0.5,1,2,178,0.0035165419976692647,706248704,0.125
cifar100,pruning,0.5,1,2,179,0.00353654200443998,706248704,0.109375
cifar100,pruning,0.5,1,2,180,0.0035684580070665106,706248704,0.078125
cifar100,pruning,0.5,1,2,181,0.0035072909959126264,706248704,0.125
cifar100,pruning,0.5,1,2,182,0.0034695829963311553,706248704,0.1875
cifar100,pruning,0.5,1,2,183,0.003529167006490752,706248704,0.1015625
cifar100,pruning,0.5,1,2,184,0.003509707996272482,706248704,0.109375
cifar100,pruning,0.5,1,2,185,0.0035283340112073347,706248704,0.140625
cifar100,pruning,0.5,1,2,186,0.0035188339970773086,706248704,0.1640625
cifar100,pruning,0.5,1,2,187,0.003515040996717289,706248704,0.1328125
cifar100,pruning,0.5,1,2,188,0.0035096250066999346,706248704,0.15625
cifar100,pruning,0.5,1,2,189,0.003527207998558879,706248704,0.1328125
cifar100,pruning,0.5,1,2,190,0.003530665999278426,706248704,0.1171875
cifar100,pruning,0.5,1,2,191,0.0035587919992394745,706248704,0.1328125
cifar100,pruning,0.5,1,2,192,0.003505917004076764,706248704,0.109375
cifar100,pruning,0.5,1,2,193,0.0035237080010119826,706248704,0.1640625
cifar100,pruning,0.5,1,2,194,0.003540417004842311,706248704,0.1328125
cifar100,pruning,0.5,1,2,195,0.00352549999661278,706248704,0.109375
cifar100,pruning,0.5,1,2,196,0.003522125000017695,706248704,0.1328125
cifar100,pruning,0.5,1,2,197,0.003518457990139723,706248704,0.078125
cifar100,pruning,0.5,1,2,198,0.0035090000019408762,706248704,0.0625
cifar100,pruning,0.5,1,2,199,0.003544167004292831,706248704,0.078125
cifar100,pruning,0.5,1,2,200,0.0035412500001257285,706248704,0.0625
cifar100,pruning,0.5,1,2,201,0.0035195419914089143,706248704,0.1484375
cifar100,pruning,0.5,1,2,202,0.003540584002621472,706248704,0.078125
cifar100,pruning,0.5,1,2,203,0.003522457991493866,706248704,0.125
cifar100,pruning,0.5,1,2,204,0.0035153329954482615,706248704,0.1640625
cifar100,pruning,0.5,1,2,205,0.0035106249997625127,706248704,0.1640625
cifar100,pruning,0.5,1,2,206,0.003520957994624041,706248704,0.1171875
cifar100,pruning,0.5,1,2,207,0.003533374998369254,706248704,0.1171875
cifar100,pruning,0.5,1,2,208,0.0035762500046985224,706248704,0.125
cifar100,pruning,0.5,1,2,209,0.0035304170014569536,706248704,0.09375
cifar100,pruning,0.5,1,2,210,0.003528959001414478,706248704,0.1484375
cifar100,pruning,0.5,1,2,211,0.0035121249966323376,706248704,0.15625
cifar100,pruning,0.5,1,2,212,0.003549083005054854,706248704,0.1328125
cifar100,pruning,0.5,1,2,213,0.003531417009071447,706248704,0.15625
cifar100,pruning,0.5,1,2,214,0.003533709008479491,706248704,0.109375
cifar100,pruning,0.5,1,2,215,0.003595000001951121,706248704,0.0703125
cifar100,pruning,0.5,1,2,216,0.0035042500094277784,706248704,0.1015625
cifar100,pruning,0.5,1,2,217,0.003518166995490901,706248704,0.15625
cifar100,pruning,0.5,1,2,218,0.0035354169958736748,706248704,0.0625
cifar100,pruning,0.5,1,2,219,0.0035234589886385947,706248704,0.1328125
cifar100,pruning,0.5,1,2,220,0.0035231670044595376,706248704,0.1640625
cifar100,pruning,0.5,1,2,221,0.0035261669981991872,706248704,0.171875
cifar100,pruning,0.5,1,2,222,0.003525874999468215,706248704,0.1640625
cifar100,pruning,0.5,1,2,223,0.0035231249930802733,706248704,0.0703125
cifar100,pruning,0.5,1,2,224,0.0035292079992359504,706248704,0.125
cifar100,pruning,0.5,1,2,225,0.0035261659941170365,706248704,0.140625
cifar100,pruning,0.5,1,2,226,0.003792500006966293,706248704,0.1640625
cifar100,pruning,0.5,1,2,227,0.003607541002565995,706248704,0.1640625
cifar100,pruning,0.5,1,2,228,0.0035412079887464643,706248704,0.1875
cifar100,pruning,0.5,1,2,229,0.0035297910071676597,706248704,0.1171875
cifar100,pruning,0.5,1,2,230,0.0035326659999554977,706248704,0.1328125
cifar100,pruning,0.5,1,2,231,0.003509125002892688,706248704,0.1171875
cifar100,pruning,0.5,1,2,232,0.003522333994624205,706248704,0.1328125
cifar100,pruning,0.5,1,2,233,0.00353466700471472,706248704,0.15625
cifar100,pruning,0.5,1,2,234,0.0035285000049043447,706248704,0.15625
cifar100,pruning,0.5,1,2,235,0.0035455829929560423,706248704,0.109375
cifar100,pruning,0.5,1,2,236,0.003530832997057587,706248704,0.1015625
cifar100,pruning,0.5,1,2,237,0.003530292000505142,706248704,0.09375
cifar100,pruning,0.5,1,2,238,0.003469749994110316,706248704,0.1953125
cifar100,pruning,0.5,1,2,239,0.003539834011462517,706248704,0.1171875
cifar100,pruning,0.5,1,2,240,0.0035206669999752194,706248704,0.1328125
cifar100,pruning,0.5,1,2,241,0.003538124990882352,706248704,0.109375
cifar100,pruning,0.5,1,2,242,0.0035370419936953112,706248704,0.1015625
cifar100,pruning,0.5,1,2,243,0.003541332989698276,706248704,0.15625
cifar100,pruning,0.5,1,2,244,0.003496374993119389,706248704,0.1015625
cifar100,pruning,0.5,1,2,245,0.003535999989253469,706248704,0.1015625
cifar100,pruning,0.5,1,2,246,0.0035456250043353066,706248704,0.109375
cifar100,pruning,0.5,1,2,247,0.0035261669981991872,706248704,0.125
cifar100,pruning,0.5,1,2,248,0.003532000002451241,706248704,0.140625
cifar100,pruning,0.5,1,2,249,0.0034915840078610927,706248704,0.1328125
cifar100,pruning,0.5,1,2,250,0.0035332919942447916,706248704,0.09375
cifar100,pruning,0.5,1,2,251,0.003520375001244247,706265088,0.1328125
cifar100,pruning,0.5,1,2,252,0.003500375009025447,706265088,0.09375
cifar100,pruning,0.5,1,2,253,0.0035039170033996925,706265088,0.078125
cifar100,pruning,0.5,1,2,254,0.0035281249874969944,706265088,0.1328125
cifar100,pruning,0.5,1,2,255,0.003518083001836203,706265088,0.109375
cifar100,pruning,0.5,1,2,256,0.0035312090039951727,706265088,0.1796875
cifar100,pruning,0.5,1,2,257,0.00353391699900385,706265088,0.1640625
cifar100,pruning,0.5,1,2,258,0.00352625000232365,706265088,0.1171875
cifar100,pruning,0.5,1,2,259,0.0035412080032983795,706265088,0.1484375
cifar100,pruning,0.5,1,2,260,0.003461000000243075,706265088,0.1640625
cifar100,pruning,0.5,1,2,261,0.0035162499989382923,706265088,0.09375
cifar100,pruning,0.5,1,2,262,0.003521916994941421,706265088,0.125
cifar100,pruning,0.5,1,2,263,0.0035504589905031025,706265088,0.0859375
cifar100,pruning,0.5,1,2,264,0.003538458011462353,706265088,0.1640625
cifar100,pruning,0.5,1,2,265,0.003534290997777134,706265088,0.125
cifar100,pruning,0.5,1,2,266,0.0035251660010544583,706265088,0.1328125
cifar100,pruning,0.5,1,2,267,0.00353483299841173,706265088,0.15625
cifar100,pruning,0.5,1,2,268,0.0035303749900776893,706265088,0.1171875
cifar100,pruning,0.5,1,2,269,0.003470709008979611,706265088,0.15625
cifar100,pruning,0.5,1,2,270,0.0035368749959161505,706265088,0.1015625
cifar100,pruning,0.5,1,2,271,0.0035390410048421472,706265088,0.1015625
cifar100,pruning,0.5,1,2,272,0.0036974169925088063,706265088,0.1640625
cifar100,pruning,0.5,1,2,273,0.003546124993590638,706265088,0.125
cifar100,pruning,0.5,1,2,274,0.003521541992085986,706265088,0.109375
cifar100,pruning,0.5,1,2,275,0.0034637500066310167,706265088,0.125
cifar100,pruning,0.5,1,2,276,0.0034616670018294826,706265088,0.09375
cifar100,pruning,0.5,1,2,277,0.0035082910035271198,706265088,0.125
cifar100,pruning,0.5,1,2,278,0.0035219999990658835,706265088,0.125
cifar100,pruning,0.5,1,2,279,0.0035176249948563054,706265088,0.1015625
cifar100,pruning,0.5,1,2,280,0.0035318750014994293,706265088,0.0546875
cifar100,pruning,0.5,1,2,281,0.0035329169913893566,706265088,0.1015625
cifar100,pruning,0.5,1,2,282,0.0035145420115441084,706265088,0.1796875
cifar100,pruning,0.5,1,2,283,0.0035105000133626163,706265088,0.1171875
cifar100,pruning,0.5,1,2,284,0.0035100840032100677,706265088,0.1640625
cifar100,pruning,0.5,1,2,285,0.0035258330026408657,706265088,0.15625
cifar100,pruning,0.5,1,2,286,0.003528207991621457,706265088,0.1328125
cifar100,pruning,0.5,1,2,287,0.0035302089963806793,706265088,0.109375
cifar100,pruning,0.5,1,2,288,0.003525083011481911,706265088,0.1171875
cifar100,pruning,0.5,1,2,289,0.003524750005453825,706265088,0.1328125
cifar100,pruning,0.5,1,2,290,0.0035332499974174425,706265088,0.109375
cifar100,pruning,0.5,1,2,291,0.003529167006490752,706265088,0.09375
cifar100,pruning,0.5,1,2,292,0.003519833000609651,706265088,0.140625
cifar100,pruning,0.5,1,2,293,0.0035270829976070672,706265088,0.1875
cifar100,pruning,0.5,1,2,294,0.003541083002346568,706265088,0.15625
cifar100,pruning,0.5,1,2,295,0.003500959006487392,706265088,0.15625
cifar100,pruning,0.5,1,2,296,0.0035271670058136806,706265088,0.15625
cifar100,pruning,0.5,1,2,297,0.0035143330023856834,706265088,0.15625
cifar100,pruning,0.5,1,2,298,0.003511750008328818,706265088,0.1171875
cifar100,pruning,0.5,1,2,299,0.0035081250098301098,706265088,0.1484375
cifar100,pruning,0.5,1,2,300,0.0035129169991705567,706265088,0.109375
cifar100,pruning,0.5,1,2,301,0.003529875000822358,706265088,0.1640625
cifar100,pruning,0.5,1,2,302,0.003508041991153732,706265088,0.1171875
cifar100,pruning,0.5,1,2,303,0.003503416999592446,706265088,0.1328125
cifar100,pruning,0.5,1,2,304,0.0035167910100426525,706265088,0.1796875
cifar100,pruning,0.5,1,2,305,0.0035429170093266293,706265088,0.125
cifar100,pruning,0.5,1,2,306,0.0035360829933779314,706265088,0.125
cifar100,pruning,0.5,1,2,307,0.0034797080006683245,706265088,0.140625
cifar100,pruning,0.5,1,2,308,0.003488792004645802,706265088,0.1328125
cifar100,pruning,0.5,1,2,309,0.003523583000060171,706265088,0.140625
cifar100,pruning,0.5,1,2,310,0.0035244579921709374,706265088,0.109375
cifar100,pruning,0.5,1,2,311,0.0035280409938422963,706265088,0.1875
cifar100,pruning,0.5,1,2,312,0.003528417000779882,706265088,0.1796875
cifar100,pruning,0.5,1,2,313,0.0035258330026408657,706265088,0.125
cifar100,pruning,0.5,1,2,314,0.003523999999742955,706265088,0.1953125
cifar100,pruning,0.5,1,2,315,0.0036277499893913046,706265088,0.15625
cifar100,pruning,0.5,1,2,316,0.0035041250084759668,706265088,0.125
cifar100,pruning,0.5,1,2,317,0.0035316659923410043,706265088,0.1484375
cifar100,pruning,0.5,1,2,318,0.0034936669981107116,706265088,0.0859375
cifar100,pruning,0.5,1,2,319,0.0034963329962920398,706265088,0.125
cifar100,pruning,0.5,1,2,320,0.0034991249995073304,706265088,0.1328125
cifar100,pruning,0.5,1,2,321,0.0035286250058561563,706265088,0.140625
cifar100,pruning,0.5,1,2,322,0.003531624999595806,706265088,0.1015625
cifar100,pruning,0.5,1,2,323,0.003516583004966378,706265088,0.125
cifar100,pruning,0.5,1,2,324,0.003470292009296827,706265088,0.15625
cifar100,pruning,0.5,1,2,325,0.0035349170066183433,706265088,0.1484375
cifar100,pruning,0.5,1,2,326,0.00354154099477455,706265088,0.109375
cifar100,pruning,0.5,1,2,327,0.003490415998385288,706265088,0.1171875
cifar100,pruning,0.5,1,2,328,0.00360325000656303,706265088,0.1640625
cifar100,pruning,0.5,1,2,329,0.0035088330041617155,706265088,0.1015625
cifar100,pruning,0.5,1,2,330,0.003534125004080124,706265088,0.078125
cifar100,pruning,0.5,1,2,331,0.00351429199508857,706265088,0.1015625
cifar100,pruning,0.5,1,2,332,0.0035018329945160076,706265088,0.140625
cifar100,pruning,0.5,1,2,333,0.003531041002133861,706265088,0.140625
cifar100,pruning,0.5,1,2,334,0.0035189159971196204,706265088,0.09375
cifar100,pruning,0.5,1,2,335,0.0035261669981991872,706265088,0.09375
cifar100,pruning,0.5,1,2,336,0.0035243329912191257,706265088,0.140625
cifar100,pruning,0.5,1,2,337,0.003501166997011751,706265088,0.109375
cifar100,pruning,0.5,1,2,338,0.0035243339953012764,706265088,0.1328125
cifar100,pruning,0.5,1,2,339,0.003527459004544653,706265088,0.1640625
cifar100,pruning,0.5,1,2,340,0.0035095829953206703,706265088,0.1875
cifar100,pruning,0.5,1,2,341,0.0035235840041423216,706265088,0.203125
cifar100,pruning,0.5,1,2,342,0.0035115409991703928,706265088,0.1328125
cifar100,pruning,0.5,1,2,343,0.003533333001541905,706265088,0.1015625
cifar100,pruning,0.5,1,2,344,0.003529124995111488,706281472,0.1328125
cifar100,pruning,0.5,1,2,345,0.003512584007694386,706281472,0.1328125
cifar100,pruning,0.5,1,2,346,0.003587250001146458,706281472,0.109375
cifar100,pruning,0.5,1,2,347,0.0035107909934595227,706281472,0.1484375
cifar100,pruning,0.5,1,2,348,0.0035166669986210763,706281472,0.1953125
cifar100,pruning,0.5,1,2,349,0.003527417007717304,706281472,0.125
cifar100,pruning,0.5,1,2,350,0.003523207997204736,706281472,0.1171875
cifar100,pruning,0.5,1,2,351,0.0035296249989187345,706281472,0.1171875
cifar100,pruning,0.5,1,2,352,0.003522790997521952,706281472,0.1484375
cifar100,pruning,0.5,1,2,353,0.003522290993714705,706281472,0.1328125
cifar100,pruning,0.5,1,2,354,0.003492375006317161,706281472,0.1328125
cifar100,pruning,0.5,1,2,355,0.0034924579958897084,706281472,0.140625
cifar100,pruning,0.5,1,2,356,0.003537333002896048,706281472,0.1328125
cifar100,pruning,0.5,1,2,357,0.0035232910013291985,706281472,0.1328125
cifar100,pruning,0.5,1,2,358,0.0035159169929102063,706281472,0.1015625
cifar100,pruning,0.5,1,2,359,0.0035302090109325945,706281472,0.15625
cifar100,pruning,0.5,1,2,360,0.0035383329959586263,706281472,0.140625
cifar100,pruning,0.5,1,2,361,0.0035029999999096617,706281472,0.1484375
cifar100,pruning,0.5,1,2,362,0.003534083007252775,706281472,0.0859375
cifar100,pruning,0.5,1,2,363,0.00353541701042559,706281472,0.125
cifar100,pruning,0.5,1,2,364,0.0035178329999325797,706281472,0.140625
cifar100,pruning,0.5,1,2,365,0.003503416999592446,706281472,0.1015625
cifar100,pruning,0.5,1,2,366,0.0035564999998314306,706281472,0.1015625
cifar100,pruning,0.5,1,2,367,0.0035439170023892075,706281472,0.09375
cifar100,pruning,0.5,1,2,368,0.0035177090030629188,706281472,0.1328125
cifar100,pruning,0.5,1,2,369,0.0035350830003153533,706281472,0.1875
cifar100,pruning,0.5,1,2,370,0.00352174999716226,706281472,0.1015625
cifar100,pruning,0.5,1,2,371,0.003544624996720813,706281472,0.1171875
cifar100,pruning,0.5,1,2,372,0.0035285000049043447,706281472,0.1484375
cifar100,pruning,0.5,1,2,373,0.003534625007887371,706281472,0.109375
cifar100,pruning,0.5,1,2,374,0.0035239169956184924,706281472,0.140625
cifar100,pruning,0.5,1,2,375,0.003540167002938688,706281472,0.140625
cifar100,pruning,0.5,1,2,376,0.003526332991896197,706281472,0.1015625
cifar100,pruning,0.5,1,2,377,0.003536584001267329,706281472,0.1796875
cifar100,pruning,0.5,1,2,378,0.0035204580053687096,706281472,0.1328125
cifar100,pruning,0.5,1,2,379,0.003526458007399924,706281472,0.09375
cifar100,pruning,0.5,1,2,380,0.003537124997819774,706281472,0.09375
cifar100,pruning,0.5,1,2,381,0.003515459000482224,706281472,0.1328125
cifar100,pruning,0.5,1,2,382,0.0035314580018166453,706281472,0.1484375
cifar100,pruning,0.5,1,2,383,0.003514416006510146,706281472,0.1875
cifar100,pruning,0.5,1,2,384,0.0035210829955758527,706281472,0.125
cifar100,pruning,0.5,1,2,385,0.003518166995490901,706281472,0.1640625
cifar100,pruning,0.5,1,2,386,0.0035157499951310456,706281472,0.1015625
cifar100,pruning,0.5,1,2,387,0.0035219160054111853,706281472,0.1015625
cifar100,pruning,0.5,1,2,388,0.003535249998094514,706281472,0.140625
cifar100,pruning,0.5,1,2,389,0.0035262080054963008,706281472,0.109375
cifar100,pruning,0.5,1,2,390,0.0030274169985204935,706281472,0.1125
cifar100,pruning,0.5,1,3,0,0.0038640410057269037,706314240,0.140625
cifar100,pruning,0.5,1,3,1,0.00370400000247173,706314240,0.1640625
cifar100,pruning,0.5,1,3,2,0.0036657500022556633,706314240,0.203125
cifar100,pruning,0.5,1,3,3,0.0035961249959655106,706314240,0.1328125
cifar100,pruning,0.5,1,3,4,0.003603375007514842,706330624,0.140625
cifar100,pruning,0.5,1,3,5,0.0035919590009143576,706330624,0.21875
cifar100,pruning,0.5,1,3,6,0.0035362920025363564,706330624,0.1328125
cifar100,pruning,0.5,1,3,7,0.003510291993734427,706330624,0.109375
cifar100,pruning,0.5,1,3,8,0.0035183750005671754,706330624,0.1171875
cifar100,pruning,0.5,1,3,9,0.00361408299067989,706330624,0.171875
cifar100,pruning,0.5,1,3,10,0.003541166996001266,706330624,0.1015625
cifar100,pruning,0.5,1,3,11,0.0035092920006718487,706330624,0.1796875
cifar100,pruning,0.5,1,3,12,0.0035287089995108545,706330624,0.140625
cifar100,pruning,0.5,1,3,13,0.0035365419898880646,706330624,0.1484375
cifar100,pruning,0.5,1,3,14,0.0035380000044824556,706330624,0.125
cifar100,pruning,0.5,1,3,15,0.0035215829993830994,706330624,0.171875
cifar100,pruning,0.5,1,3,16,0.0035124999994877726,706330624,0.1640625
cifar100,pruning,0.5,1,3,17,0.0036010000039823353,706330624,0.15625
cifar100,pruning,0.5,1,3,18,0.003616291010985151,706330624,0.1953125
cifar100,pruning,0.5,1,3,19,0.0036049170012120157,706330624,0.078125
cifar100,pruning,0.5,1,3,20,0.0035460839862935245,706330624,0.1484375
cifar100,pruning,0.5,1,3,21,0.0035662499867612496,706330624,0.1484375
cifar100,pruning,0.5,1,3,22,0.0035135409998474643,706330624,0.1640625
cifar100,pruning,0.5,1,3,23,0.0035506249987520278,706330624,0.109375
cifar100,pruning,0.5,1,3,24,0.0036032089992659166,706330624,0.140625
cifar100,pruning,0.5,1,3,25,0.00352437500259839,706330624,0.140625
cifar100,pruning,0.5,1,3,26,0.0035142499982612208,706330624,0.171875
cifar100,pruning,0.5,1,3,27,0.0035344589996384457,706330624,0.15625
cifar100,pruning,0.5,1,3,28,0.0037064580101286992,706330624,0.109375
cifar100,pruning,0.5,1,3,29,0.003534083007252775,706330624,0.109375
cifar100,pruning,0.5,1,3,30,0.003600333002395928,706330624,0.171875
cifar100,pruning,0.5,1,3,31,0.0034868340007960796,706330624,0.125
cifar100,pruning,0.5,1,3,32,0.0035749590024352074,706330624,0.125
cifar100,pruning,0.5,1,3,33,0.003533292008796707,706330624,0.203125
cifar100,pruning,0.5,1,3,34,0.003589166997699067,706330624,0.25
cifar100,pruning,0.5,1,3,35,0.0035401249915594235,706330624,0.1015625
cifar100,pruning,0.5,1,3,36,0.0036743749951710925,706330624,0.1328125
cifar100,pruning,0.5,1,3,37,0.003791791998082772,706330624,0.15625
cifar100,pruning,0.5,1,3,38,0.003956625005230308,706330624,0.140625
cifar100,pruning,0.5,1,3,39,0.0036922919971402735,706330624,0.171875
cifar100,pruning,0.5,1,3,40,0.003680791996885091,706330624,0.1484375
cifar100,pruning,0.5,1,3,41,0.003643417003331706,706330624,0.1328125
cifar100,pruning,0.5,1,3,42,0.0035259580035926774,706330624,0.140625
cifar100,pruning,0.5,1,3,43,0.003607291990192607,706330624,0.140625
cifar100,pruning,0.5,1,3,44,0.0035914999898523092,706347008,0.1171875
cifar100,pruning,0.5,1,3,45,0.003533124996465631,706347008,0.140625
cifar100,pruning,0.5,1,3,46,0.003529749999870546,706347008,0.171875
cifar100,pruning,0.5,1,3,47,0.003508416994009167,706347008,0.1484375
cifar100,pruning,0.5,1,3,48,0.003546082996763289,706347008,0.140625
cifar100,pruning,0.5,1,3,49,0.003542457998264581,706347008,0.1328125
cifar100,pruning,0.5,1,3,50,0.003521416991134174,706347008,0.15625
cifar100,pruning,0.5,1,3,51,0.003535208001267165,706347008,0.15625
cifar100,pruning,0.5,1,3,52,0.0036679170007118955,706347008,0.1484375
cifar100,pruning,0.5,1,3,53,0.003582083008950576,706347008,0.1328125
cifar100,pruning,0.5,1,3,54,0.00445858298917301,707493888,0.109375
cifar100,pruning,0.5,1,3,55,0.0037616249901475385,707493888,0.15625
cifar100,pruning,0.5,1,3,56,0.0037142910005059093,707493888,0.1015625
cifar100,pruning,0.5,1,3,57,0.003622208008891903,707493888,0.1640625
cifar100,pruning,0.5,1,3,58,0.003622124990215525,707493888,0.15625
cifar100,pruning,0.5,1,3,59,0.003611624997574836,707493888,0.125
cifar100,pruning,0.5,1,3,60,0.003490125003736466,707493888,0.1328125
cifar100,pruning,0.5,1,3,61,0.0035480840015225112,707493888,0.1171875
cifar100,pruning,0.5,1,3,62,0.0035206250031478703,707493888,0.109375
cifar100,pruning,0.5,1,3,63,0.003518083001836203,707526656,0.1484375
cifar100,pruning,0.5,1,3,64,0.0035126670118188486,707526656,0.1015625
cifar100,pruning,0.5,1,3,65,0.003575916009140201,707526656,0.1796875
cifar100,pruning,0.5,1,3,66,0.0035345829965081066,707526656,0.15625
cifar100,pruning,0.5,1,3,67,0.003538250006386079,707526656,0.1015625
cifar100,pruning,0.5,1,3,68,0.0035205419990234077,707526656,0.1015625
cifar100,pruning,0.5,1,3,69,0.0035382499918341637,707526656,0.1484375
cifar100,pruning,0.5,1,3,70,0.0035313749976921827,707526656,0.140625
cifar100,pruning,0.5,1,3,71,0.003581958997529,707526656,0.1484375
cifar100,pruning,0.5,1,3,72,0.0035214999952586368,707526656,0.1171875
cifar100,pruning,0.5,1,3,73,0.003519833000609651,707526656,0.09375
cifar100,pruning,0.5,1,3,74,0.0035124580026604235,707526656,0.1640625
cifar100,pruning,0.5,1,3,75,0.0035757910081883892,707526656,0.203125
cifar100,pruning,0.5,1,3,76,0.0035370410041650757,707526656,0.125
cifar100,pruning,0.5,1,3,77,0.003517416989780031,707526656,0.15625
cifar100,pruning,0.5,1,3,78,0.0035292499960632995,707526656,0.1171875
cifar100,pruning,0.5,1,3,79,0.003514916999847628,707526656,0.1015625
cifar100,pruning,0.5,1,3,80,0.0035244590108050033,707526656,0.140625
cifar100,pruning,0.5,1,3,81,0.0036612919939216226,707526656,0.1328125
cifar100,pruning,0.5,1,3,82,0.003499708996969275,707526656,0.1875
cifar100,pruning,0.5,1,3,83,0.0035014159948332235,707526656,0.140625
cifar100,pruning,0.5,1,3,84,0.0035044999967794865,707526656,0.140625
cifar100,pruning,0.5,1,3,85,0.0036000410036649555,707526656,0.09375
cifar100,pruning,0.5,1,3,86,0.0035289170045871288,707526656,0.1484375
cifar100,pruning,0.5,1,3,87,0.003476375000900589,707526656,0.125
cifar100,pruning,0.5,1,3,88,0.00352437500259839,707526656,0.15625
cifar100,pruning,0.5,1,3,89,0.0035476659977575764,707526656,0.0859375
cifar100,pruning,0.5,1,3,90,0.003511249989969656,707526656,0.125
cifar100,pruning,0.5,1,3,91,0.0035004999954253435,707526656,0.1484375
cifar100,pruning,0.5,1,3,92,0.0035252499947091565,707526656,0.171875
cifar100,pruning,0.5,1,3,93,0.003528834000462666,707526656,0.1171875
cifar100,pruning,0.5,1,3,94,0.0035302089963806793,707526656,0.1640625
cifar100,pruning,0.5,1,3,95,0.0035368329990888014,707526656,0.109375
cifar100,pruning,0.5,1,3,96,0.003504166001221165,707526656,0.1640625
cifar100,pruning,0.5,1,3,97,0.003519666992360726,707526656,0.125
cifar100,pruning,0.5,1,3,98,0.0035305420024087653,707526656,0.171875
cifar100,pruning,0.5,1,3,99,0.0035147500020684674,707526656,0.1171875
cifar100,pruning,0.5,1,3,100,0.0035462090017972514,707526656,0.140625
cifar100,pruning,0.5,1,3,101,0.0035065830015810207,707526656,0.1484375
cifar100,pruning,0.5,1,3,102,0.0034897919977083802,707526656,0.1640625
cifar100,pruning,0.5,1,3,103,0.0035087089927401394,707526656,0.1171875
cifar100,pruning,0.5,1,3,104,0.003532583999913186,707526656,0.1484375
cifar100,pruning,0.5,1,3,105,0.0035245420003775507,707526656,0.1640625
cifar100,pruning,0.5,1,3,106,0.003507250003167428,707526656,0.125
cifar100,pruning,0.5,1,3,107,0.0035197919933125377,707526656,0.1171875
cifar100,pruning,0.5,1,3,108,0.0034471669932827353,707526656,0.203125
cifar100,pruning,0.5,1,3,109,0.0034626249980647117,707526656,0.140625
cifar100,pruning,0.5,1,3,110,0.0034926250082207844,707526656,0.1796875
cifar100,pruning,0.5,1,3,111,0.0035429580020718277,707526656,0.140625
cifar100,pruning,0.5,1,3,112,0.0035372080019442365,707526656,0.1484375
cifar100,pruning,0.5,1,3,113,0.0035283329925732687,707526656,0.203125
cifar100,pruning,0.5,1,3,114,0.0035139579995302483,707526656,0.1328125
cifar100,pruning,0.5,1,3,115,0.0035490839945850894,707526656,0.1171875
cifar100,pruning,0.5,1,3,116,0.0035318330046720803,707526656,0.1171875
cifar100,pruning,0.5,1,3,117,0.0035309999948367476,707526656,0.109375
cifar100,pruning,0.5,1,3,118,0.0035134589998051524,707526656,0.1875
cifar100,pruning,0.5,1,3,119,0.0035210420028306544,707526656,0.171875
cifar100,pruning,0.5,1,3,120,0.003524999992805533,707526656,0.2109375
cifar100,pruning,0.5,1,3,121,0.0035387920070206746,707526656,0.1171875
cifar100,pruning,0.5,1,3,122,0.0035219999990658835,707526656,0.1640625
cifar100,pruning,0.5,1,3,123,0.0035275000118417665,707526656,0.1640625
cifar100,pruning,0.5,1,3,124,0.0035212079965276644,707526656,0.1484375
cifar100,pruning,0.5,1,3,125,0.003504041989799589,707526656,0.1171875
cifar100,pruning,0.5,1,3,126,0.0035111250035697594,707526656,0.1328125
cifar100,pruning,0.5,1,3,127,0.0035187500034226105,707526656,0.1875
cifar100,pruning,0.5,1,3,128,0.003520375001244247,707526656,0.125
cifar100,pruning,0.5,1,3,129,0.003531958005623892,707543040,0.171875
cifar100,pruning,0.5,1,3,130,0.003559249991667457,707543040,0.1953125
cifar100,pruning,0.5,1,3,131,0.003528207991621457,707559424,0.109375
cifar100,pruning,0.5,1,3,132,0.0035349170066183433,707559424,0.15625
cifar100,pruning,0.5,1,3,133,0.003532374990754761,707559424,0.1171875
cifar100,pruning,0.5,1,3,134,0.0035486249980749562,707559424,0.1875
cifar100,pruning,0.5,1,3,135,0.0035262080054963008,707559424,0.1015625
cifar100,pruning,0.5,1,3,136,0.00350362500466872,707559424,0.203125
cifar100,pruning,0.5,1,3,137,0.003540999998222105,707559424,0.140625
cifar100,pruning,0.5,1,3,138,0.0035169589973520488,707559424,0.109375
cifar100,pruning,0.5,1,3,139,0.0035362500057090074,707559424,0.140625
cifar100,pruning,0.5,1,3,140,0.0035284580080769956,707575808,0.1015625
cifar100,pruning,0.5,1,3,141,0.0035439170023892075,707575808,0.1484375
cifar100,pruning,0.5,1,3,142,0.0035459999926388264,707575808,0.1015625
cifar100,pruning,0.5,1,3,143,0.003515624994179234,707575808,0.1015625
cifar100,pruning,0.5,1,3,144,0.00351054199563805,707575808,0.171875
cifar100,pruning,0.5,1,3,145,0.0035574170033214614,707575808,0.2109375
cifar100,pruning,0.5,1,3,146,0.003528333007125184,707575808,0.1484375
cifar100,pruning,0.5,1,3,147,0.0035404999944148585,707575808,0.171875
cifar100,pruning,0.5,1,3,148,0.0035177910031052306,707575808,0.1796875
cifar100,pruning,0.5,1,3,149,0.0035265830083517358,707575808,0.1328125
cifar100,pruning,0.5,1,3,150,0.0035254590038675815,707575808,0.1328125
cifar100,pruning,0.5,1,3,151,0.003541875004884787,707575808,0.1875
cifar100,pruning,0.5,1,3,152,0.003519625010085292,707575808,0.15625
cifar100,pruning,0.5,1,3,153,0.0035224169987486675,707575808,0.15625
cifar100,pruning,0.5,1,3,154,0.0035233329981565475,707575808,0.1484375
cifar100,pruning,0.5,1,3,155,0.003531042006216012,707575808,0.1015625
cifar100,pruning,0.5,1,3,156,0.003539249999448657,707575808,0.15625
cifar100,pruning,0.5,1,3,157,0.0035278750001452863,707575808,0.09375
cifar100,pruning,0.5,1,3,158,0.003529167006490752,707575808,0.1875
cifar100,pruning,0.5,1,3,159,0.003522291997796856,707575808,0.1171875
cifar100,pruning,0.5,1,3,160,0.0035107500007143244,707575808,0.109375
cifar100,pruning,0.5,1,3,161,0.0035363329952815548,707575808,0.171875
cifar100,pruning,0.5,1,3,162,0.0034567080001579598,707575808,0.1484375
cifar100,pruning,0.5,1,3,163,0.0035231670044595376,707575808,0.1953125
cifar100,pruning,0.5,1,3,164,0.0035136670048814267,707575808,0.1171875
cifar100,pruning,0.5,1,3,165,0.003532583999913186,707575808,0.15625
cifar100,pruning,0.5,1,3,166,0.003514124997309409,707575808,0.078125
cifar100,pruning,0.5,1,3,167,0.0035208749904995784,707575808,0.1328125
cifar100,pruning,0.5,1,3,168,0.003510708993417211,707575808,0.109375
cifar100,pruning,0.5,1,3,169,0.003503667001496069,707575808,0.1171875
cifar100,pruning,0.5,1,3,170,0.0035257089912192896,707575808,0.0859375
cifar100,pruning,0.5,1,3,171,0.003532999995513819,707575808,0.125
cifar100,pruning,0.5,1,3,172,0.003552083988324739,707575808,0.2109375
cifar100,pruning,0.5,1,3,173,0.003528458997607231,707575808,0.1328125
cifar100,pruning,0.5,1,3,174,0.0035551249893615022,707575808,0.1171875
cifar100,pruning,0.5,1,3,175,0.003539166005793959,707575808,0.15625
cifar100,pruning,0.5,1,3,176,0.003531624999595806,707575808,0.09375
cifar100,pruning,0.5,1,3,177,0.003519999998388812,707575808,0.15625
cifar100,pruning,0.5,1,3,178,0.0035342079936526716,707575808,0.15625
cifar100,pruning,0.5,1,3,179,0.003534625007887371,707575808,0.140625
cifar100,pruning,0.5,1,3,180,0.0035381670022616163,707575808,0.125
cifar100,pruning,0.5,1,3,181,0.0035170000046491623,707575808,0.1015625
cifar100,pruning,0.5,1,3,182,0.00353370800439734,707575808,0.1484375
cifar100,pruning,0.5,1,3,183,0.003519999998388812,707575808,0.1640625
cifar100,pruning,0.5,1,3,184,0.0035245839972049,707575808,0.1640625
cifar100,pruning,0.5,1,3,185,0.00352533400291577,707575808,0.125
cifar100,pruning,0.5,1,3,186,0.0035311670071678236,707575808,0.1171875
cifar100,pruning,0.5,1,3,187,0.003513791991281323,707575808,0.15625
cifar100,pruning,0.5,1,3,188,0.0035317500005476177,707575808,0.1875
cifar100,pruning,0.5,1,3,189,0.0035157080128556117,707575808,0.09375
cifar100,pruning,0.5,1,3,190,0.003544749997672625,707575808,0.1640625
cifar100,pruning,0.5,1,3,191,0.003532834001816809,707575808,0.1171875
cifar100,pruning,0.5,1,3,192,0.00347541700466536,707575808,0.171875
cifar100,pruning,0.5,1,3,193,0.0035263750032754615,707575808,0.171875
cifar100,pruning,0.5,1,3,194,0.003483416003291495,707592192,0.140625
cifar100,pruning,0.5,1,3,195,0.00362174998736009,707592192,0.140625
cifar100,pruning,0.5,1,3,196,0.003609749997849576,707592192,0.125
cifar100,pruning,0.5,1,3,197,0.0035353749990463257,707592192,0.1484375
cifar100,pruning,0.5,1,3,198,0.0035255830007372424,707592192,0.1015625
cifar100,pruning,0.5,1,3,199,0.003554499999154359,707592192,0.046875
cifar100,pruning,0.5,1,3,200,0.0035313330008648336,707592192,0.203125
cifar100,pruning,0.5,1,3,201,0.003533750001224689,707592192,0.1484375
cifar100,pruning,0.5,1,3,202,0.003522541999700479,707592192,0.1328125
cifar100,pruning,0.5,1,3,203,0.003518291996442713,707592192,0.1328125
cifar100,pruning,0.5,1,3,204,0.003536624994012527,707592192,0.15625
cifar100,pruning,0.5,1,3,205,0.0035318330046720803,707592192,0.140625
cifar100,pruning,0.5,1,3,206,0.0035250420041847974,707592192,0.15625
cifar100,pruning,0.5,1,3,207,0.003530334011884406,707592192,0.109375
cifar100,pruning,0.5,1,3,208,0.00350979198992718,707592192,0.140625
cifar100,pruning,0.5,1,3,209,0.0035104169946862385,707608576,0.1015625
cifar100,pruning,0.5,1,3,210,0.003523166000377387,707608576,0.0859375
cifar100,pruning,0.5,1,3,211,0.003531541005941108,707608576,0.1171875
cifar100,pruning,0.5,1,3,212,0.003528957997332327,707608576,0.171875
cifar100,pruning,0.5,1,3,213,0.0035248749918537214,707608576,0.1640625
cifar100,pruning,0.5,1,3,214,0.003494916993076913,707608576,0.1640625
cifar100,pruning,0.5,1,3,215,0.003525874999468215,707608576,0.1171875
cifar100,pruning,0.5,1,3,216,0.0035367910022614524,707608576,0.140625
cifar100,pruning,0.5,1,3,217,0.0035207079927204177,707608576,0.1875
cifar100,pruning,0.5,1,3,218,0.0035124580026604235,707608576,0.125
cifar100,pruning,0.5,1,3,219,0.0035151670017512515,707608576,0.1328125
cifar100,pruning,0.5,1,3,220,0.003582833000109531,707608576,0.1171875
cifar100,pruning,0.5,1,3,221,0.003537708005751483,707608576,0.09375
cifar100,pruning,0.5,1,3,222,0.003504084001178853,707608576,0.109375
cifar100,pruning,0.5,1,3,223,0.0035398330073803663,707608576,0.1875
cifar100,pruning,0.5,1,3,224,0.003525209001963958,707608576,0.15625
cifar100,pruning,0.5,1,3,225,0.0035894589964300394,707608576,0.109375
cifar100,pruning,0.5,1,3,226,0.0035145829897373915,707608576,0.15625
cifar100,pruning,0.5,1,3,227,0.0035358750028535724,707608576,0.1953125
cifar100,pruning,0.5,1,3,228,0.003548332999343984,707608576,0.140625
cifar100,pruning,0.5,1,3,229,0.003527958004269749,707608576,0.1328125
cifar100,pruning,0.5,1,3,230,0.0035518750082701445,707608576,0.1328125
cifar100,pruning,0.5,1,3,231,0.0035320409951964393,707608576,0.1640625
cifar100,pruning,0.5,1,3,232,0.0035223750019213185,707608576,0.1484375
cifar100,pruning,0.5,1,3,233,0.0035120410029776394,707608576,0.1328125
cifar100,pruning,0.5,1,3,234,0.0035271249944344163,707608576,0.1328125
cifar100,pruning,0.5,1,3,235,0.0035423749941401184,707608576,0.1484375
cifar100,pruning,0.5,1,3,236,0.0035100000095553696,707608576,0.1328125
cifar100,pruning,0.5,1,3,237,0.0035345840005902573,707608576,0.109375
cifar100,pruning,0.5,1,3,238,0.0035546660074032843,707608576,0.1953125
cifar100,pruning,0.5,1,3,239,0.0035178340040147305,707608576,0.1796875
cifar100,pruning,0.5,1,3,240,0.0035274999972898513,707608576,0.109375
cifar100,pruning,0.5,1,3,241,0.0036117080016992986,707608576,0.171875
cifar100,pruning,0.5,1,3,242,0.0035347920056665316,707608576,0.1171875
cifar100,pruning,0.5,1,3,243,0.0035313749976921827,707608576,0.1640625
cifar100,pruning,0.5,1,3,244,0.0035314580018166453,707608576,0.140625
cifar100,pruning,0.5,1,3,245,0.003586292004911229,707608576,0.15625
cifar100,pruning,0.5,1,3,246,0.0035216659889556468,707608576,0.1640625
cifar100,pruning,0.5,1,3,247,0.0035222910082666203,707608576,0.1015625
cifar100,pruning,0.5,1,3,248,0.003532583999913186,707608576,0.1875
cifar100,pruning,0.5,1,3,249,0.003537875003530644,707608576,0.09375
cifar100,pruning,0.5,1,3,250,0.0035288749932078645,707608576,0.1875
cifar100,pruning,0.5,1,3,251,0.003535625000949949,707608576,0.2265625
cifar100,pruning,0.5,1,3,252,0.003515250005875714,707608576,0.1484375
cifar100,pruning,0.5,1,3,253,0.0035406660026637837,707608576,0.1484375
cifar100,pruning,0.5,1,3,254,0.003537124997819774,707608576,0.15625
cifar100,pruning,0.5,1,3,255,0.0035187499888706952,707608576,0.2109375
cifar100,pruning,0.5,1,3,256,0.0035235840041423216,707608576,0.2109375
cifar100,pruning,0.5,1,3,257,0.003519833000609651,707608576,0.171875
cifar100,pruning,0.5,1,3,258,0.0035142090055160224,707608576,0.15625
cifar100,pruning,0.5,1,3,259,0.003601333999540657,707608576,0.1484375
cifar100,pruning,0.5,1,3,260,0.0035022079973714426,707608576,0.1328125
cifar100,pruning,0.5,1,3,261,0.0038663330051349476,707608576,0.09375
cifar100,pruning,0.5,1,3,262,0.0035010419960599393,707608576,0.1328125
cifar100,pruning,0.5,1,3,263,0.003570833010599017,707608576,0.1640625
cifar100,pruning,0.5,1,3,264,0.0035957080108346418,707624960,0.125
cifar100,pruning,0.5,1,3,265,0.0035162909916834906,707624960,0.0859375
cifar100,pruning,0.5,1,3,266,0.0035365000076126307,707624960,0.1796875
cifar100,pruning,0.5,1,3,267,0.003524416999425739,707641344,0.125
cifar100,pruning,0.5,1,3,268,0.0035304589982843027,707641344,0.1640625
cifar100,pruning,0.5,1,3,269,0.0035446659894660115,707641344,0.125
cifar100,pruning,0.5,1,3,270,0.003533167007844895,707641344,0.1796875
cifar100,pruning,0.5,1,3,271,0.0034722500131465495,707641344,0.1796875
cifar100,pruning,0.5,1,3,272,0.003527666995069012,707641344,0.1171875
cifar100,pruning,0.5,1,3,273,0.003504708001855761,707641344,0.140625
cifar100,pruning,0.5,1,3,274,0.003608416998758912,707641344,0.171875
cifar100,pruning,0.5,1,3,275,0.0035421659995336086,707641344,0.109375
cifar100,pruning,0.5,1,3,276,0.003511499991873279,707641344,0.1640625
cifar100,pruning,0.5,1,3,277,0.003506208013277501,707641344,0.1328125
cifar100,pruning,0.5,1,3,278,0.0035219580022385344,707641344,0.203125
cifar100,pruning,0.5,1,3,279,0.003544749997672625,707641344,0.1171875
cifar100,pruning,0.5,1,3,280,0.0035042500094277784,707641344,0.234375
cifar100,pruning,0.5,1,3,281,0.003593500005081296,707641344,0.125
cifar100,pruning,0.5,1,3,282,0.0036014159995829687,707641344,0.1953125
cifar100,pruning,0.5,1,3,283,0.0035176669916836545,707641344,0.1484375
cifar100,pruning,0.5,1,3,284,0.003595666988985613,707641344,0.203125
cifar100,pruning,0.5,1,3,285,0.003588500010664575,707641344,0.1484375
cifar100,pruning,0.5,1,3,286,0.0035462079977151006,707641344,0.1484375
cifar100,pruning,0.5,1,3,287,0.0035115000064251944,707641344,0.0859375
cifar100,pruning,0.5,1,3,288,0.003558500000508502,707641344,0.25
cifar100,pruning,0.5,1,3,289,0.003520209007547237,707641344,0.1328125
cifar100,pruning,0.5,1,3,290,0.0035281250020489097,707641344,0.171875
cifar100,pruning,0.5,1,3,291,0.0035507499997038394,707641344,0.1171875
cifar100,pruning,0.5,1,3,292,0.0035284159966977313,707641344,0.171875
cifar100,pruning,0.5,1,3,293,0.0035855830064974725,707641344,0.1015625
cifar100,pruning,0.5,1,3,294,0.003483459004200995,707641344,0.171875
cifar100,pruning,0.5,1,3,295,0.0035664589959196746,707657728,0.1640625
cifar100,pruning,0.5,1,3,296,0.0035303750046296045,707657728,0.125
cifar100,pruning,0.5,1,3,297,0.003521334001561627,707657728,0.25
cifar100,pruning,0.5,1,3,298,0.0035380000044824556,707657728,0.15625
cifar100,pruning,0.5,1,3,299,0.003518083001836203,707657728,0.1640625
cifar100,pruning,0.5,1,3,300,0.0036030829942319542,707657728,0.1875
cifar100,pruning,0.5,1,3,301,0.00354491600592155,707657728,0.1796875
cifar100,pruning,0.5,1,3,302,0.0035098749940516427,707657728,0.1953125
cifar100,pruning,0.5,1,3,303,0.0035350419930182397,707657728,0.1171875
cifar100,pruning,0.5,1,3,304,0.003528333007125184,707657728,0.1484375
cifar100,pruning,0.5,1,3,305,0.0035124159912811592,707657728,0.171875
cifar100,pruning,0.5,1,3,306,0.003591250002500601,707657728,0.140625
cifar100,pruning,0.5,1,3,307,0.0035159170074621215,707657728,0.0625
cifar100,pruning,0.5,1,3,308,0.0034843339963117614,707657728,0.1171875
cifar100,pruning,0.5,1,3,309,0.0035345829965081066,707657728,0.09375
cifar100,pruning,0.5,1,3,310,0.0035307919897604734,707657728,0.1640625
cifar100,pruning,0.5,1,3,311,0.003585333004593849,707657728,0.1640625
cifar100,pruning,0.5,1,3,312,0.0034815830003935844,707657728,0.140625
cifar100,pruning,0.5,1,3,313,0.003544458988471888,707657728,0.09375
cifar100,pruning,0.5,1,3,314,0.0034964160004165024,707657728,0.203125
cifar100,pruning,0.5,1,3,315,0.003586791004636325,707657728,0.1484375
cifar100,pruning,0.5,1,3,316,0.003538457996910438,707657728,0.15625
cifar100,pruning,0.5,1,3,317,0.0035497089993441477,707657728,0.203125
cifar100,pruning,0.5,1,3,318,0.0035360840120119974,707657728,0.1953125
cifar100,pruning,0.5,1,3,319,0.003604416997404769,707657728,0.1640625
cifar100,pruning,0.5,1,3,320,0.003536000003805384,707657728,0.1640625
cifar100,pruning,0.5,1,3,321,0.0035425840032985434,707657728,0.125
cifar100,pruning,0.5,1,3,322,0.0035172499920008704,707657728,0.1640625
cifar100,pruning,0.5,1,3,323,0.003533875002176501,707657728,0.140625
cifar100,pruning,0.5,1,3,324,0.003516541008139029,707657728,0.1484375
cifar100,pruning,0.5,1,3,325,0.0035860839998349547,707657728,0.1484375
cifar100,pruning,0.5,1,3,326,0.003511082992190495,707657728,0.140625
cifar100,pruning,0.5,1,3,327,0.003526458007399924,707657728,0.1640625
cifar100,pruning,0.5,1,3,328,0.0035433749872026965,707657728,0.1484375
cifar100,pruning,0.5,1,3,329,0.003521791993989609,707657728,0.1484375
cifar100,pruning,0.5,1,3,330,0.0035292919928906485,707657728,0.1015625
cifar100,pruning,0.5,1,3,331,0.0035332080005900934,707657728,0.1484375
cifar100,pruning,0.5,1,3,332,0.0035395420127315447,707657728,0.15625
cifar100,pruning,0.5,1,3,333,0.003529957990394905,707657728,0.140625
cifar100,pruning,0.5,1,3,334,0.0035149579925928265,707657728,0.1484375
cifar100,pruning,0.5,1,3,335,0.0035354169958736748,707657728,0.1640625
cifar100,pruning,0.5,1,3,336,0.0035060000082012266,707657728,0.2265625
cifar100,pruning,0.5,1,3,337,0.0035067909921053797,707657728,0.15625
cifar100,pruning,0.5,1,3,338,0.0035221660073148087,707674112,0.109375
cifar100,pruning,0.5,1,3,339,0.00380812500952743,709312512,0.2109375
cifar100,pruning,0.5,1,3,340,0.003755625002668239,709312512,0.15625
cifar100,pruning,0.5,1,3,341,0.0037511670088861138,709312512,0.1640625
cifar100,pruning,0.5,1,3,342,0.003576540999347344,709312512,0.078125
cifar100,pruning,0.5,1,3,343,0.00361670799611602,709312512,0.1484375
cifar100,pruning,0.5,1,3,344,0.0035402920038904995,709312512,0.1640625
cifar100,pruning,0.5,1,3,345,0.0035245420003775507,709312512,0.1640625
cifar100,pruning,0.5,1,3,346,0.0035041669907514006,709312512,0.1328125
cifar100,pruning,0.5,1,3,347,0.0035233340022386983,709312512,0.0859375
cifar100,pruning,0.5,1,3,348,0.0035248329950263724,709312512,0.203125
cifar100,pruning,0.5,1,3,349,0.0036107920022914186,709312512,0.234375
cifar100,pruning,0.5,1,3,350,0.003474500001175329,709312512,0.1875
cifar100,pruning,0.5,1,3,351,0.003523166000377387,709312512,0.1796875
cifar100,pruning,0.5,1,3,352,0.0035235419927630574,709312512,0.140625
cifar100,pruning,0.5,1,3,353,0.0035246250045020133,709312512,0.140625
cifar100,pruning,0.5,1,3,354,0.00350491599238012,709312512,0.125
cifar100,pruning,0.5,1,3,355,0.003712584002641961,709312512,0.1171875
cifar100,pruning,0.5,1,3,356,0.003521791993989609,709312512,0.1875
cifar100,pruning,0.5,1,3,357,0.003494499993394129,709312512,0.1328125
cifar100,pruning,0.5,1,3,358,0.0036038749967701733,709328896,0.125
cifar100,pruning,0.5,1,3,359,0.0035215829993830994,709328896,0.109375
cifar100,pruning,0.5,1,3,360,0.0038518329965882003,712327168,0.1640625
cifar100,pruning,0.5,1,3,361,0.0037271250039339066,712327168,0.125
cifar100,pruning,0.5,1,3,362,0.0036273750010877848,712327168,0.171875
cifar100,pruning,0.5,1,3,363,0.0035392910067457706,712327168,0.125
cifar100,pruning,0.5,1,3,364,0.003623375014285557,712327168,0.140625
cifar100,pruning,0.5,1,3,365,0.0036220420006429777,712327168,0.203125
cifar100,pruning,0.5,1,3,366,0.0036017500096932054,712327168,0.140625
cifar100,pruning,0.5,1,3,367,0.003529167006490752,712327168,0.1640625
cifar100,pruning,0.5,1,3,368,0.0035992089979117736,712327168,0.1171875
cifar100,pruning,0.5,1,3,369,0.0035205830063205212,712327168,0.140625
cifar100,pruning,0.5,1,3,370,0.0035940420057158917,712327168,0.1796875
cifar100,pruning,0.5,1,3,371,0.0035281250020489097,712327168,0.1328125
cifar100,pruning,0.5,1,3,372,0.0035937089996878058,712327168,0.1484375
cifar100,pruning,0.5,1,3,373,0.003529708003043197,712327168,0.15625
cifar100,pruning,0.5,1,3,374,0.0034624999971129,712327168,0.15625
cifar100,pruning,0.5,1,3,375,0.0035084590053884313,712327168,0.140625
cifar100,pruning,0.5,1,3,376,0.0035895829932997003,712327168,0.1484375
cifar100,pruning,0.5,1,3,377,0.003537583994329907,712327168,0.109375
cifar100,pruning,0.5,1,3,378,0.0035741669998969883,712327168,0.1171875
cifar100,pruning,0.5,1,3,379,0.0034636659984244034,712327168,0.109375
cifar100,pruning,0.5,1,3,380,0.0035587500024121255,712327168,0.0859375
cifar100,pruning,0.5,1,3,381,0.0035156660014763474,712327168,0.140625
cifar100,pruning,0.5,1,3,382,0.003678624998428859,712327168,0.1484375
cifar100,pruning,0.5,1,3,383,0.0035203340084990487,712327168,0.125
cifar100,pruning,0.5,1,3,384,0.003558625001460314,712327168,0.125
cifar100,pruning,0.5,1,3,385,0.003552374997525476,712327168,0.0859375
cifar100,pruning,0.5,1,3,386,0.0035955000057583675,712327168,0.1875
cifar100,pruning,0.5,1,3,387,0.0035566669976105914,712327168,0.078125
cifar100,pruning,0.5,1,3,388,0.0035413750010775402,712327168,0.1484375
cifar100,pruning,0.5,1,3,389,0.00352716600173153,712327168,0.140625
cifar100,pruning,0.5,1,3,390,0.002886125002987683,712327168,0.1625
