dataset,model,keep_ratio,seed,epoch,batch,backward_time_s,memory_bytes,batch_accuracy
cifar10,pruning,0.8,4,1,0,0.028804790999856777,702709760,0.1171875
cifar10,pruning,0.8,4,1,1,0.0029299169982550666,717783040,0.140625
cifar10,pruning,0.8,4,1,2,0.002704290993278846,719306752,0.203125
cifar10,pruning,0.8,4,1,3,0.0017416659975424409,719339520,0.2109375
cifar10,pruning,0.8,4,1,4,0.0016844589990796521,719339520,0.1953125
cifar10,pruning,0.8,4,1,5,0.0014837079943390563,720633856,0.1796875
cifar10,pruning,0.8,4,1,6,0.0015451250073965639,722206720,0.2734375
cifar10,pruning,0.8,4,1,7,0.0015629999979864806,722206720,0.171875
cifar10,pruning,0.8,4,1,8,0.0015298750076908618,722223104,0.2265625
cifar10,pruning,0.8,4,1,9,0.0015943750040605664,723795968,0.3046875
cifar10,pruning,0.8,4,1,10,0.0016100829961942509,723795968,0.2890625
cifar10,pruning,0.8,4,1,11,0.001617166999494657,723845120,0.203125
cifar10,pruning,0.8,4,1,12,0.0015524169866694137,723845120,0.25
cifar10,pruning,0.8,4,1,13,0.0015529169904766604,723845120,0.2734375
cifar10,pruning,0.8,4,1,14,0.0015617910103173926,723877888,0.2734375
cifar10,pruning,0.8,4,1,15,0.0016150419978657737,724221952,0.2265625
cifar10,pruning,0.8,4,1,16,0.001657917004195042,724238336,0.3046875
cifar10,pruning,0.8,4,1,17,0.0016259999974863604,724238336,0.25
cifar10,pruning,0.8,4,1,18,0.0016641659894958138,724238336,0.2421875
cifar10,pruning,0.8,4,1,19,0.0016673329955665395,724238336,0.2578125
cifar10,pruning,0.8,4,1,20,0.001651208003750071,724271104,0.2578125
cifar10,pruning,0.8,4,1,21,0.0015580840117763728,724271104,0.28125
cifar10,pruning,0.8,4,1,22,0.0015620409976691008,724271104,0.234375
cifar10,pruning,0.8,4,1,23,0.0016513329901499674,724271104,0.3046875
cifar10,pruning,0.8,4,1,24,0.0015472499944735318,724271104,0.28125
cifar10,pruning,0.8,4,1,25,0.0016696670063538477,724271104,0.3203125
cifar10,pruning,0.8,4,1,26,0.0015856249956414104,724271104,0.3203125
cifar10,pruning,0.8,4,1,27,0.0015917080017970875,724271104,0.375
cifar10,pruning,0.8,4,1,28,0.0015372079942608252,724271104,0.28125
cifar10,pruning,0.8,4,1,29,0.0016570830048294738,724271104,0.359375
cifar10,pruning,0.8,4,1,30,0.0016651669866405427,724271104,0.3515625
cifar10,pruning,0.8,4,1,31,0.0016232920024776831,724271104,0.3359375
cifar10,pruning,0.8,4,1,32,0.001641333001316525,724271104,0.359375
cifar10,pruning,0.8,4,1,33,0.0016898330068215728,724271104,0.265625
cifar10,pruning,0.8,4,1,34,0.0015132089902181178,724271104,0.3046875
cifar10,pruning,0.8,4,1,35,0.0015962500037858263,725762048,0.296875
cifar10,pruning,0.8,4,1,36,0.0016252920031547546,725762048,0.3203125
cifar10,pruning,0.8,4,1,37,0.0016022920026443899,725762048,0.2890625
cifar10,pruning,0.8,4,1,38,0.0016434999997727573,725762048,0.3828125
cifar10,pruning,0.8,4,1,39,0.0016384589980589226,725762048,0.265625
cifar10,pruning,0.8,4,1,40,0.001672416998189874,725762048,0.2578125
cifar10,pruning,0.8,4,1,41,0.0015557079896098003,725762048,0.3359375
cifar10,pruning,0.8,4,1,42,0.0016210830071941018,725762048,0.3359375
cifar10,pruning,0.8,4,1,43,0.001623208008822985,725762048,0.265625
cifar10,pruning,0.8,4,1,44,0.0016482920036651194,725762048,0.28125
cifar10,pruning,0.8,4,1,45,0.0015999169991118833,725762048,0.359375
cifar10,pruning,0.8,4,1,46,0.0016159160004463047,725762048,0.2421875
cifar10,pruning,0.8,4,1,47,0.0016311250074068084,725762048,0.3203125
cifar10,pruning,0.8,4,1,48,0.0016515840106876567,725762048,0.2421875
cifar10,pruning,0.8,4,1,49,0.0015045420004753396,725762048,0.3359375
cifar10,pruning,0.8,4,1,50,0.0015799589891685173,725762048,0.34375
cifar10,pruning,0.8,4,1,51,0.0016353749961126596,725762048,0.3203125
cifar10,pruning,0.8,4,1,52,0.0016618329973425716,725762048,0.3046875
cifar10,pruning,0.8,4,1,53,0.001642874995013699,727334912,0.2578125
cifar10,pruning,0.8,4,1,54,0.001596207992406562,727334912,0.2578125
cifar10,pruning,0.8,4,1,55,0.001622458003112115,727351296,0.2890625
cifar10,pruning,0.8,4,1,56,0.0015552499971818179,727351296,0.2734375
cifar10,pruning,0.8,4,1,57,0.0015215000021271408,727351296,0.3203125
cifar10,pruning,0.8,4,1,58,0.0016272499924525619,727351296,0.3359375
cifar10,pruning,0.8,4,1,59,0.0016314170061377808,727351296,0.3203125
cifar10,pruning,0.8,4,1,60,0.001636000000871718,727351296,0.2421875
cifar10,pruning,0.8,4,1,61,0.0016033749998314306,727351296,0.2734375
cifar10,pruning,0.8,4,1,62,0.0016362500027753413,727351296,0.28125
cifar10,pruning,0.8,4,1,63,0.0015216659958241507,727351296,0.2890625
cifar10,pruning,0.8,4,1,64,0.001614875000086613,727351296,0.28125
cifar10,pruning,0.8,4,1,65,0.0016193750052480027,727351296,0.296875
cifar10,pruning,0.8,4,1,66,0.0015906250046100467,727351296,0.2578125
cifar10,pruning,0.8,4,1,67,0.0016667500021867454,727351296,0.2734375
cifar10,pruning,0.8,4,1,68,0.0015869999915594235,727351296,0.265625
cifar10,pruning,0.8,4,1,69,0.0015450840000994503,727351296,0.3359375
cifar10,pruning,0.8,4,1,70,0.0016387079958803952,727351296,0.3125
cifar10,pruning,0.8,4,1,71,0.0016235829971265048,727351296,0.3671875
cifar10,pruning,0.8,4,1,72,0.001562290999572724,727351296,0.2265625
cifar10,pruning,0.8,4,1,73,0.001646333999815397,727351296,0.3359375
cifar10,pruning,0.8,4,1,74,0.0016729169874452055,727351296,0.3515625
cifar10,pruning,0.8,4,1,75,0.0016449169925181195,727351296,0.3671875
cifar10,pruning,0.8,4,1,76,0.0016742500010877848,727351296,0.28125
cifar10,pruning,0.8,4,1,77,0.001549374996102415,727351296,0.3046875
cifar10,pruning,0.8,4,1,78,0.0021800420072395355,727384064,0.2578125
cifar10,pruning,0.8,4,1,79,0.0019503340008668602,729628672,0.390625
cifar10,pruning,0.8,4,1,80,0.002872083001420833,729628672,0.375
cifar10,pruning,0.8,4,1,81,0.0021570419921772555,729628672,0.328125
cifar10,pruning,0.8,4,1,82,0.0028176670020911843,729628672,0.3359375
cifar10,pruning,0.8,4,1,83,0.002140500000678003,729628672,0.34375
cifar10,pruning,0.8,4,1,84,0.0018836250092135742,729628672,0.359375
cifar10,pruning,0.8,4,1,85,0.0017476670036558062,729645056,0.3671875
cifar10,pruning,0.8,4,1,86,0.0016248330066446215,729645056,0.3046875
cifar10,pruning,0.8,4,1,87,0.0015915830008452758,729645056,0.296875
cifar10,pruning,0.8,4,1,88,0.0015557920123683289,729645056,0.3046875
cifar10,pruning,0.8,4,1,89,0.0015509999939240515,729645056,0.3046875
cifar10,pruning,0.8,4,1,90,0.0015663329977542162,729645056,0.328125
cifar10,pruning,0.8,4,1,91,0.0015882919979048893,729645056,0.3203125
cifar10,pruning,0.8,4,1,92,0.0016696250095264986,729645056,0.2734375
cifar10,pruning,0.8,4,1,93,0.0016462499916087836,729645056,0.296875
cifar10,pruning,0.8,4,1,94,0.0016310000064549968,729645056,0.296875
cifar10,pruning,0.8,4,1,95,0.001616416993783787,729645056,0.34375
cifar10,pruning,0.8,4,1,96,0.0015831670025363564,729645056,0.3046875
cifar10,pruning,0.8,4,1,97,0.001555416005430743,729645056,0.3515625
cifar10,pruning,0.8,4,1,98,0.0016374580009141937,729645056,0.3359375
cifar10,pruning,0.8,4,1,99,0.0016039170004660264,729645056,0.28125
cifar10,pruning,0.8,4,1,100,0.0016126249975059181,729645056,0.328125
cifar10,pruning,0.8,4,1,101,0.0016415840073022991,729645056,0.34375
cifar10,pruning,0.8,4,1,102,0.0016229589964495972,729645056,0.2890625
cifar10,pruning,0.8,4,1,103,0.0015866250032559037,729645056,0.3203125
cifar10,pruning,0.8,4,1,104,0.0015359169919975102,729645056,0.2890625
cifar10,pruning,0.8,4,1,105,0.0016346250049537048,729645056,0.3359375
cifar10,pruning,0.8,4,1,106,0.001517374999821186,729645056,0.3046875
cifar10,pruning,0.8,4,1,107,0.0016114169993670657,729645056,0.3125
cifar10,pruning,0.8,4,1,108,0.0016107499977806583,729645056,0.4140625
cifar10,pruning,0.8,4,1,109,0.0023685830092290416,729645056,0.3359375
cifar10,pruning,0.8,4,1,110,0.0015286250127246603,729645056,0.3359375
cifar10,pruning,0.8,4,1,111,0.0015350419998867437,729645056,0.390625
cifar10,pruning,0.8,4,1,112,0.0015103339974302799,729645056,0.3125
cifar10,pruning,0.8,4,1,113,0.0015387499879579991,729645056,0.34375
cifar10,pruning,0.8,4,1,114,0.0015290829906007275,729645056,0.328125
cifar10,pruning,0.8,4,1,115,0.00159108400112018,729645056,0.4296875
cifar10,pruning,0.8,4,1,116,0.0016401250031776726,729645056,0.28125
cifar10,pruning,0.8,4,1,117,0.0015553330013062805,729645056,0.3515625
cifar10,pruning,0.8,4,1,118,0.0015619170007994398,729645056,0.4453125
cifar10,pruning,0.8,4,1,119,0.0015131249965634197,729645056,0.3203125
cifar10,pruning,0.8,4,1,120,0.0016449170070700347,729645056,0.34375
cifar10,pruning,0.8,4,1,121,0.001663291986915283,729645056,0.390625
cifar10,pruning,0.8,4,1,122,0.0016265419981209561,729645056,0.3828125
cifar10,pruning,0.8,4,1,123,0.001600624993443489,729645056,0.4140625
cifar10,pruning,0.8,4,1,124,0.0016317920089932159,729645056,0.3125
cifar10,pruning,0.8,4,1,125,0.0017595000099390745,729645056,0.296875
cifar10,pruning,0.8,4,1,126,0.0016221660043811426,729645056,0.359375
cifar10,pruning,0.8,4,1,127,0.0016084590024547651,729645056,0.3203125
cifar10,pruning,0.8,4,1,128,0.0016321669972967356,729645056,0.3359375
cifar10,pruning,0.8,4,1,129,0.0016460829938296229,729645056,0.3359375
cifar10,pruning,0.8,4,1,130,0.0016215000068768859,729645056,0.3515625
cifar10,pruning,0.8,4,1,131,0.0016303750016959384,729645056,0.4296875
cifar10,pruning,0.8,4,1,132,0.001612583000678569,729645056,0.3203125
cifar10,pruning,0.8,4,1,133,0.0016136670019477606,729645056,0.3828125
cifar10,pruning,0.8,4,1,134,0.0016297909896820784,729645056,0.3203125
cifar10,pruning,0.8,4,1,135,0.0016179999947780743,729645056,0.34375
cifar10,pruning,0.8,4,1,136,0.0016148340073414147,729645056,0.3125
cifar10,pruning,0.8,4,1,137,0.0015899999998509884,729645056,0.3359375
cifar10,pruning,0.8,4,1,138,0.001646832999540493,729645056,0.375
cifar10,pruning,0.8,4,1,139,0.0016339580033672974,729645056,0.390625
cifar10,pruning,0.8,4,1,140,0.0015258339990396053,729645056,0.4140625
cifar10,pruning,0.8,4,1,141,0.001600750008947216,729661440,0.3046875
cifar10,pruning,0.8,4,1,142,0.0016187500004889444,729661440,0.3125
cifar10,pruning,0.8,4,1,143,0.0016805419872980565,729661440,0.3828125
cifar10,pruning,0.8,4,1,144,0.0016189580055652186,729661440,0.2578125
cifar10,pruning,0.8,4,1,145,0.0016239170072367415,729661440,0.4140625
cifar10,pruning,0.8,4,1,146,0.0016332920058630407,729661440,0.3515625
cifar10,pruning,0.8,4,1,147,0.0016374580009141937,729661440,0.34375
cifar10,pruning,0.8,4,1,148,0.0016324580064974725,729661440,0.4453125
cifar10,pruning,0.8,4,1,149,0.0016046660020947456,729661440,0.3515625
cifar10,pruning,0.8,4,1,150,0.001652582999668084,729661440,0.359375
cifar10,pruning,0.8,4,1,151,0.001631208011531271,729661440,0.4609375
cifar10,pruning,0.8,4,1,152,0.0016227919986704364,729661440,0.3359375
cifar10,pruning,0.8,4,1,153,0.0016042089991969988,729661440,0.3125
cifar10,pruning,0.8,4,1,154,0.0016018750029616058,729661440,0.328125
cifar10,pruning,0.8,4,1,155,0.001606499994522892,729661440,0.34375
cifar10,pruning,0.8,4,1,156,0.0016123329987749457,729661440,0.359375
cifar10,pruning,0.8,4,1,157,0.0016307920013787225,729661440,0.3828125
cifar10,pruning,0.8,4,1,158,0.0016283749864669517,729661440,0.4140625
cifar10,pruning,0.8,4,1,159,0.001615250002942048,729661440,0.328125
cifar10,pruning,0.8,4,1,160,0.0016194170020753518,729661440,0.46875
cifar10,pruning,0.8,4,1,161,0.0016253339999821037,729661440,0.34375
cifar10,pruning,0.8,4,1,162,0.001551708992337808,729661440,0.3046875
cifar10,pruning,0.8,4,1,163,0.0016399580053985119,729661440,0.3203125
cifar10,pruning,0.8,4,1,164,0.0016351249942090362,729661440,0.4140625
cifar10,pruning,0.8,4,1,165,0.0015114999987417832,729677824,0.3203125
cifar10,pruning,0.8,4,1,166,0.0015184169897111133,729677824,0.3046875
cifar10,pruning,0.8,4,1,167,0.0016209580062422901,729677824,0.390625
cifar10,pruning,0.8,4,1,168,0.0015014170057838783,729677824,0.359375
cifar10,pruning,0.8,4,1,169,0.0016262499993899837,729694208,0.3984375
cifar10,pruning,0.8,4,1,170,0.00162191700655967,729694208,0.3125
cifar10,pruning,0.8,4,1,171,0.0016426250076619908,729694208,0.3515625
cifar10,pruning,0.8,4,1,172,0.0016101670044008642,729694208,0.34375
cifar10,pruning,0.8,4,1,173,0.0015123330085771158,729694208,0.3984375
cifar10,pruning,0.8,4,1,174,0.0015140000032261014,729694208,0.3984375
cifar10,pruning,0.8,4,1,175,0.0016057909961091354,729694208,0.34375
cifar10,pruning,0.8,4,1,176,0.0017187500052386895,729694208,0.34375
cifar10,pruning,0.8,4,1,177,0.0016584169934503734,729694208,0.359375
cifar10,pruning,0.8,4,1,178,0.001622124997084029,729694208,0.359375
cifar10,pruning,0.8,4,1,179,0.0016075409948825836,729694208,0.359375
cifar10,pruning,0.8,4,1,180,0.0016407910006819293,729694208,0.4375
cifar10,pruning,0.8,4,1,181,0.0016150410083355382,729694208,0.359375
cifar10,pruning,0.8,4,1,182,0.0016142079985002056,729694208,0.3359375
cifar10,pruning,0.8,4,1,183,0.001600458999746479,729694208,0.3203125
cifar10,pruning,0.8,4,1,184,0.001614875000086613,729694208,0.453125
cifar10,pruning,0.8,4,1,185,0.0016361669986508787,729694208,0.4140625
cifar10,pruning,0.8,4,1,186,0.001606334000825882,729694208,0.328125
cifar10,pruning,0.8,4,1,187,0.0016166249988600612,729694208,0.359375
cifar10,pruning,0.8,4,1,188,0.0016298749978886917,729694208,0.3125
cifar10,pruning,0.8,4,1,189,0.0016218749951804057,729694208,0.3671875
cifar10,pruning,0.8,4,1,190,0.001608582999324426,729694208,0.328125
cifar10,pruning,0.8,4,1,191,0.0015149579994613305,729694208,0.3515625
cifar10,pruning,0.8,4,1,192,0.0014991670032031834,729694208,0.3203125
cifar10,pruning,0.8,4,1,193,0.0015519580047111958,729694208,0.328125
cifar10,pruning,0.8,4,1,194,0.0015076249983394518,729694208,0.3515625
cifar10,pruning,0.8,4,1,195,0.001505332998931408,729694208,0.3828125
cifar10,pruning,0.8,4,1,196,0.0016182079998543486,729694208,0.3984375
cifar10,pruning,0.8,4,1,197,0.0016107080009533092,729694208,0.34375
cifar10,pruning,0.8,4,1,198,0.001639249996514991,729694208,0.359375
cifar10,pruning,0.8,4,1,199,0.0016132919990923256,729694208,0.3828125
cifar10,pruning,0.8,4,1,200,0.0016279999981634319,729694208,0.3125
cifar10,pruning,0.8,4,1,201,0.0016029580001486465,729694208,0.296875
cifar10,pruning,0.8,4,1,202,0.001640375005081296,729694208,0.453125
cifar10,pruning,0.8,4,1,203,0.001614458000403829,729694208,0.3671875
cifar10,pruning,0.8,4,1,204,0.0016414170095231384,729694208,0.375
cifar10,pruning,0.8,4,1,205,0.0016297919937642291,729694208,0.34375
cifar10,pruning,0.8,4,1,206,0.001606916994205676,729694208,0.421875
cifar10,pruning,0.8,4,1,207,0.0016610830061836168,729694208,0.4296875
cifar10,pruning,0.8,4,1,208,0.0016474169970024377,729694208,0.375
cifar10,pruning,0.8,4,1,209,0.0016311249928548932,729694208,0.3046875
cifar10,pruning,0.8,4,1,210,0.0015591250121360645,729694208,0.3828125
cifar10,pruning,0.8,4,1,211,0.0016135419864440337,729694208,0.359375
cifar10,pruning,0.8,4,1,212,0.0015093749971129,729694208,0.390625
cifar10,pruning,0.8,4,1,213,0.0015217920008581132,729694208,0.3359375
cifar10,pruning,0.8,4,1,214,0.001615291999769397,729694208,0.3359375
cifar10,pruning,0.8,4,1,215,0.0016503330116393045,729694208,0.3671875
cifar10,pruning,0.8,4,1,216,0.0015221659996313974,729694208,0.2734375
cifar10,pruning,0.8,4,1,217,0.0016646669973852113,729694208,0.3359375
cifar10,pruning,0.8,4,1,218,0.0015407080063596368,729694208,0.4140625
cifar10,pruning,0.8,4,1,219,0.0015140420000534505,729694208,0.3984375
cifar10,pruning,0.8,4,1,220,0.0015138340095290914,729694208,0.34375
cifar10,pruning,0.8,4,1,221,0.001509791996795684,729694208,0.3203125
cifar10,pruning,0.8,4,1,222,0.0015152089908951893,729694208,0.3828125
cifar10,pruning,0.8,4,1,223,0.0015067089989315718,729694208,0.3125
cifar10,pruning,0.8,4,1,224,0.0016142499953275546,729694208,0.359375
cifar10,pruning,0.8,4,1,225,0.0016027919918997213,729694208,0.3515625
cifar10,pruning,0.8,4,1,226,0.001598499991814606,729694208,0.40625
cifar10,pruning,0.8,4,1,227,0.0016306660108966753,729694208,0.3984375
cifar10,pruning,0.8,4,1,228,0.0016030830011004582,729694208,0.4296875
cifar10,pruning,0.8,4,1,229,0.0016519579949090257,729694208,0.46875
cifar10,pruning,0.8,4,1,230,0.001613666012417525,729694208,0.359375
cifar10,pruning,0.8,4,1,231,0.0015482919989153743,729694208,0.4375
cifar10,pruning,0.8,4,1,232,0.0015922500024316832,729694208,0.328125
cifar10,pruning,0.8,4,1,233,0.0017380420031258836,729694208,0.3359375
cifar10,pruning,0.8,4,1,234,0.002028167000389658,729694208,0.34375
cifar10,pruning,0.8,4,1,235,0.0024260829959530383,729694208,0.34375
cifar10,pruning,0.8,4,1,236,0.0018998330051545054,729694208,0.4296875
cifar10,pruning,0.8,4,1,237,0.0017507919983472675,729694208,0.390625
cifar10,pruning,0.8,4,1,238,0.0016572080057812855,729694208,0.359375
cifar10,pruning,0.8,4,1,239,0.0016163339896593243,729694208,0.40625
cifar10,pruning,0.8,4,1,240,0.0016357080021407455,729694208,0.4140625
cifar10,pruning,0.8,4,1,241,0.0017195830005221069,729694208,0.484375
cifar10,pruning,0.8,4,1,242,0.0016078339976957068,729694208,0.3359375
cifar10,pruning,0.8,4,1,243,0.001532583002699539,729694208,0.34375
cifar10,pruning,0.8,4,1,244,0.0015231659926939756,729694208,0.3828125
cifar10,pruning,0.8,4,1,245,0.0016306249890476465,729694208,0.359375
cifar10,pruning,0.8,4,1,246,0.001639624999370426,729694208,0.3515625
cifar10,pruning,0.8,4,1,247,0.0015877499972702935,729694208,0.3828125
cifar10,pruning,0.8,4,1,248,0.0016226669977186248,729694208,0.4375
cifar10,pruning,0.8,4,1,249,0.0016064170049503446,729694208,0.328125
cifar10,pruning,0.8,4,1,250,0.0016205830033868551,729694208,0.3671875
cifar10,pruning,0.8,4,1,251,0.0016616250068182126,729694208,0.34375
cifar10,pruning,0.8,4,1,252,0.001614124994375743,729694208,0.3671875
cifar10,pruning,0.8,4,1,253,0.0016430830000899732,729694208,0.4296875
cifar10,pruning,0.8,4,1,254,0.0016307080077240244,729694208,0.3046875
cifar10,pruning,0.8,4,1,255,0.0016113329911604524,729694208,0.4296875
cifar10,pruning,0.8,4,1,256,0.001557708004838787,729694208,0.421875
cifar10,pruning,0.8,4,1,257,0.0015127499937079847,729694208,0.4296875
cifar10,pruning,0.8,4,1,258,0.0016184169944608584,729694208,0.3984375
cifar10,pruning,0.8,4,1,259,0.00160041700291913,729694208,0.34375
cifar10,pruning,0.8,4,1,260,0.0016090419958345592,729710592,0.3828125
cifar10,pruning,0.8,4,1,261,0.0016073749866336584,729710592,0.40625
cifar10,pruning,0.8,4,1,262,0.001647291996050626,729710592,0.4453125
cifar10,pruning,0.8,4,1,263,0.0016103749949252233,729710592,0.4140625
cifar10,pruning,0.8,4,1,264,0.0016309999919030815,729726976,0.4140625
cifar10,pruning,0.8,4,1,265,0.0016417090082541108,729726976,0.34375
cifar10,pruning,0.8,4,1,266,0.0016274590016109869,729726976,0.3671875
cifar10,pruning,0.8,4,1,267,0.0015145420038606972,729726976,0.4140625
cifar10,pruning,0.8,4,1,268,0.001633374995435588,729726976,0.3671875
cifar10,pruning,0.8,4,1,269,0.0016414580022683367,729726976,0.375
cifar10,pruning,0.8,4,1,270,0.0016155000048456714,729726976,0.3984375
cifar10,pruning,0.8,4,1,271,0.001623250005650334,729726976,0.3671875
cifar10,pruning,0.8,4,1,272,0.001614292006706819,729743360,0.3515625
cifar10,pruning,0.8,4,1,273,0.001617542002350092,729743360,0.3515625
cifar10,pruning,0.8,4,1,274,0.0016234169888775796,729743360,0.390625
cifar10,pruning,0.8,4,1,275,0.001628750003874302,729743360,0.3359375
cifar10,pruning,0.8,4,1,276,0.0016406250069849193,729743360,0.3671875
cifar10,pruning,0.8,4,1,277,0.0016937080072239041,729743360,0.3515625
cifar10,pruning,0.8,4,1,278,0.0015702500095358118,729743360,0.375
cifar10,pruning,0.8,4,1,279,0.0015136250003706664,729743360,0.3515625
cifar10,pruning,0.8,4,1,280,0.001617917005205527,729743360,0.3828125
cifar10,pruning,0.8,4,1,281,0.0016200829995796084,729743360,0.359375
cifar10,pruning,0.8,4,1,282,0.0016364999901270494,729743360,0.3125
cifar10,pruning,0.8,4,1,283,0.0016230420005740598,729743360,0.359375
cifar10,pruning,0.8,4,1,284,0.0015076249983394518,729743360,0.4296875
cifar10,pruning,0.8,4,1,285,0.001635834007174708,729743360,0.375
cifar10,pruning,0.8,4,1,286,0.0016201249964069575,729743360,0.46875
cifar10,pruning,0.8,4,1,287,0.0016247500025201589,729743360,0.3515625
cifar10,pruning,0.8,4,1,288,0.0015124999918043613,729743360,0.328125
cifar10,pruning,0.8,4,1,289,0.0016002080083126202,729743360,0.3125
cifar10,pruning,0.8,4,1,290,0.0016229169996222481,729743360,0.390625
cifar10,pruning,0.8,4,1,291,0.0016162090032594278,729743360,0.4375
cifar10,pruning,0.8,4,1,292,0.001604624994797632,729743360,0.359375
cifar10,pruning,0.8,4,1,293,0.0016208330052904785,729743360,0.328125
cifar10,pruning,0.8,4,1,294,0.0016176250064745545,729743360,0.3046875
cifar10,pruning,0.8,4,1,295,0.001637708002817817,729743360,0.4296875
cifar10,pruning,0.8,4,1,296,0.0016170839953701943,729743360,0.328125
cifar10,pruning,0.8,4,1,297,0.0016217920056078583,729743360,0.421875
cifar10,pruning,0.8,4,1,298,0.001621749994228594,729743360,0.421875
cifar10,pruning,0.8,4,1,299,0.0015584170032525435,729743360,0.375
cifar10,pruning,0.8,4,1,300,0.0015140839968807995,729743360,0.3828125
cifar10,pruning,0.8,4,1,301,0.001626290992135182,729743360,0.34375
cifar10,pruning,0.8,4,1,302,0.0016202080005314201,729743360,0.3515625
cifar10,pruning,0.8,4,1,303,0.0016503329970873892,729743360,0.390625
cifar10,pruning,0.8,4,1,304,0.0016356660053133965,729743360,0.4609375
cifar10,pruning,0.8,4,1,305,0.001638874993659556,729743360,0.40625
cifar10,pruning,0.8,4,1,306,0.00165891699725762,729743360,0.296875
cifar10,pruning,0.8,4,1,307,0.0016429160023108125,729743360,0.3515625
cifar10,pruning,0.8,4,1,308,0.0016561250085942447,729743360,0.375
cifar10,pruning,0.8,4,1,309,0.0015319169906433672,729743360,0.40625
cifar10,pruning,0.8,4,1,310,0.0015416250098496675,729759744,0.4375
cifar10,pruning,0.8,4,1,311,0.0015178339963313192,729759744,0.3671875
cifar10,pruning,0.8,4,1,312,0.001634083004319109,729759744,0.34375
cifar10,pruning,0.8,4,1,313,0.0016383749898523092,729759744,0.328125
cifar10,pruning,0.8,4,1,314,0.0016385839990107343,729710592,0.4765625
cifar10,pruning,0.8,4,1,315,0.0016464590007672086,729710592,0.4296875
cifar10,pruning,0.8,4,1,316,0.0016406670038122684,729710592,0.359375
cifar10,pruning,0.8,4,1,317,0.0016341670125257224,729710592,0.3515625
cifar10,pruning,0.8,4,1,318,0.0016730829956941307,729710592,0.3203125
cifar10,pruning,0.8,4,1,319,0.0016416670114267617,729710592,0.453125
cifar10,pruning,0.8,4,1,320,0.0016560410003876314,729710592,0.4453125
cifar10,pruning,0.8,4,1,321,0.001621584000531584,729710592,0.3125
cifar10,pruning,0.8,4,1,322,0.0016512089932803065,729710592,0.4296875
cifar10,pruning,0.8,4,1,323,0.001667415999691002,729710592,0.3671875
cifar10,pruning,0.8,4,1,324,0.0015957080031512305,729710592,0.3984375
cifar10,pruning,0.8,4,1,325,0.0016575829940848053,729710592,0.4375
cifar10,pruning,0.8,4,1,326,0.0015310839953599498,729710592,0.34375
cifar10,pruning,0.8,4,1,327,0.0015635830059181899,729710592,0.4375
cifar10,pruning,0.8,4,1,328,0.0015354580100392923,729710592,0.4453125
cifar10,pruning,0.8,4,1,329,0.0015387919993372634,729710592,0.4609375
cifar10,pruning,0.8,4,1,330,0.0015395000082207844,729710592,0.421875
cifar10,pruning,0.8,4,1,331,0.0016285000019706786,729710592,0.421875
cifar10,pruning,0.8,4,1,332,0.0015525839990004897,729710592,0.375
cifar10,pruning,0.8,4,1,333,0.0015424169978359714,729710592,0.3671875
cifar10,pruning,0.8,4,1,334,0.001527667001937516,729710592,0.421875
cifar10,pruning,0.8,4,1,335,0.0016274579975288361,729710592,0.3203125
cifar10,pruning,0.8,4,1,336,0.0015230419958243147,729710592,0.375
cifar10,pruning,0.8,4,1,337,0.0015397499955724925,729710592,0.375
cifar10,pruning,0.8,4,1,338,0.001617332993191667,729710592,0.390625
cifar10,pruning,0.8,4,1,339,0.0016352920065401122,729710592,0.3203125
cifar10,pruning,0.8,4,1,340,0.0015390000044135377,729710592,0.40625
cifar10,pruning,0.8,4,1,341,0.001524999999674037,729710592,0.3828125
cifar10,pruning,0.8,4,1,342,0.0016269589978037402,729710592,0.421875
cifar10,pruning,0.8,4,1,343,0.0016423330089310184,729710592,0.40625
cifar10,pruning,0.8,4,1,344,0.0016441669868072495,729710592,0.421875
cifar10,pruning,0.8,4,1,345,0.0015451660001417622,729710592,0.296875
cifar10,pruning,0.8,4,1,346,0.0015444580058101565,729710592,0.3828125
cifar10,pruning,0.8,4,1,347,0.0015989160019671544,729710592,0.390625
cifar10,pruning,0.8,4,1,348,0.0016612080071354285,729710592,0.390625
cifar10,pruning,0.8,4,1,349,0.0016852919943630695,729710592,0.3671875
cifar10,pruning,0.8,4,1,350,0.0016345830081263557,729710592,0.34375
cifar10,pruning,0.8,4,1,351,0.0016393749974668026,729710592,0.453125
cifar10,pruning,0.8,4,1,352,0.001599333991180174,729710592,0.3671875
cifar10,pruning,0.8,4,1,353,0.0016101670044008642,729710592,0.390625
cifar10,pruning,0.8,4,1,354,0.001642124989302829,729710592,0.3359375
cifar10,pruning,0.8,4,1,355,0.001633374995435588,729710592,0.390625
cifar10,pruning,0.8,4,1,356,0.0015331659960793331,729710592,0.3984375
cifar10,pruning,0.8,4,1,357,0.0015671250002924353,729710592,0.421875
cifar10,pruning,0.8,4,1,358,0.0015351670008385554,729710592,0.40625
cifar10,pruning,0.8,4,1,359,0.0015762499970151111,729710592,0.4296875
cifar10,pruning,0.8,4,1,360,0.0015287499991245568,729710592,0.40625
cifar10,pruning,0.8,4,1,361,0.0015314580086851493,729710592,0.3359375
cifar10,pruning,0.8,4,1,362,0.0015322910039685667,729710592,0.4140625
cifar10,pruning,0.8,4,1,363,0.001531457994133234,729710592,0.3515625
cifar10,pruning,0.8,4,1,364,0.0015187079989118502,729710592,0.3359375
cifar10,pruning,0.8,4,1,365,0.0015875419921940193,729710592,0.453125
cifar10,pruning,0.8,4,1,366,0.001520999998319894,729710592,0.4140625
cifar10,pruning,0.8,4,1,367,0.0015254169993568212,729710592,0.3515625
cifar10,pruning,0.8,4,1,368,0.001536791998660192,729710592,0.3203125
cifar10,pruning,0.8,4,1,369,0.001644750009290874,729710592,0.296875
cifar10,pruning,0.8,4,1,370,0.0015450000064447522,729710592,0.390625
cifar10,pruning,0.8,4,1,371,0.0016400409949710593,729710592,0.359375
cifar10,pruning,0.8,4,1,372,0.0015361670084530488,729710592,0.4453125
cifar10,pruning,0.8,4,1,373,0.001578124996740371,729726976,0.3984375
cifar10,pruning,0.8,4,1,374,0.001644957999815233,729726976,0.390625
cifar10,pruning,0.8,4,1,375,0.0016201249964069575,729726976,0.453125
cifar10,pruning,0.8,4,1,376,0.0015939580043777823,729726976,0.4140625
cifar10,pruning,0.8,4,1,377,0.0016623330011498183,729726976,0.3828125
cifar10,pruning,0.8,4,1,378,0.0015248330018948764,729726976,0.484375
cifar10,pruning,0.8,4,1,379,0.0016484160005347803,729726976,0.3359375
cifar10,pruning,0.8,4,1,380,0.0016022079944377765,729726976,0.4296875
cifar10,pruning,0.8,4,1,381,0.0016459170001326129,729726976,0.40625
cifar10,pruning,0.8,4,1,382,0.001632207990041934,729726976,0.296875
cifar10,pruning,0.8,4,1,383,0.0016305829922202975,729743360,0.3671875
cifar10,pruning,0.8,4,1,384,0.001627416000701487,729743360,0.3984375
cifar10,pruning,0.8,4,1,385,0.0016180420061573386,729743360,0.40625
cifar10,pruning,0.8,4,1,386,0.0015931249945424497,729743360,0.3828125
cifar10,pruning,0.8,4,1,387,0.001636624991078861,729743360,0.3125
cifar10,pruning,0.8,4,1,388,0.0015182089991867542,729743360,0.40625
cifar10,pruning,0.8,4,1,389,0.0016748750058468431,729743360,0.3984375
cifar10,pruning,0.8,4,1,390,0.024797833000775427,735133696,0.3625
cifar10,pruning,0.8,4,2,0,0.0017153750086436048,742047744,0.484375
cifar10,pruning,0.8,4,2,1,0.002658999990671873,742064128,0.4453125
cifar10,pruning,0.8,4,2,2,0.0015898749988991767,742080512,0.4375
cifar10,pruning,0.8,4,2,3,0.001559249998535961,742080512,0.515625
cifar10,pruning,0.8,4,2,4,0.0016669589967932552,742080512,0.4140625
cifar10,pruning,0.8,4,2,5,0.001564624995808117,742080512,0.46875
cifar10,pruning,0.8,4,2,6,0.0017069169989554211,742080512,0.34375
cifar10,pruning,0.8,4,2,7,0.001675249994150363,742080512,0.3671875
cifar10,pruning,0.8,4,2,8,0.001726832997519523,742359040,0.40625
cifar10,pruning,0.8,4,2,9,0.0016420000029029325,742359040,0.3359375
cifar10,pruning,0.8,4,2,10,0.0015643749939044937,742359040,0.4609375
cifar10,pruning,0.8,4,2,11,0.0015818749961908907,742359040,0.4296875
cifar10,pruning,0.8,4,2,12,0.001588957995409146,742359040,0.4609375
cifar10,pruning,0.8,4,2,13,0.0015959159936755896,742375424,0.484375
cifar10,pruning,0.8,4,2,14,0.0016799579898361117,742408192,0.5
cifar10,pruning,0.8,4,2,15,0.0016374580009141937,742408192,0.4296875
cifar10,pruning,0.8,4,2,16,0.0015577909944113344,742408192,0.4296875
cifar10,pruning,0.8,4,2,17,0.001542124999104999,742408192,0.453125
cifar10,pruning,0.8,4,2,18,0.0015563339984510094,742408192,0.4296875
cifar10,pruning,0.8,4,2,19,0.0015650839923182502,742408192,0.4140625
cifar10,pruning,0.8,4,2,20,0.0016069160046754405,742408192,0.390625
cifar10,pruning,0.8,4,2,21,0.0016135000041685998,742408192,0.453125
cifar10,pruning,0.8,4,2,22,0.001648582998313941,742408192,0.4765625
cifar10,pruning,0.8,4,2,23,0.0016426249931100756,742424576,0.4375
cifar10,pruning,0.8,4,2,24,0.0016328329948009923,742424576,0.3515625
cifar10,pruning,0.8,4,2,25,0.0016016250010579824,742424576,0.3671875
cifar10,pruning,0.8,4,2,26,0.001629540987778455,742424576,0.421875
cifar10,pruning,0.8,4,2,27,0.0016827079962240532,742424576,0.390625
cifar10,pruning,0.8,4,2,28,0.0016498340119142085,742424576,0.3359375
cifar10,pruning,0.8,4,2,29,0.001664416995481588,742424576,0.3125
cifar10,pruning,0.8,4,2,30,0.0016657500091241673,742424576,0.4453125
cifar10,pruning,0.8,4,2,31,0.0016297909896820784,742424576,0.3828125
cifar10,pruning,0.8,4,2,32,0.0016347500059055164,742424576,0.4375
cifar10,pruning,0.8,4,2,33,0.0016931249992921948,742424576,0.390625
cifar10,pruning,0.8,4,2,34,0.0015868749906076118,742424576,0.3671875
cifar10,pruning,0.8,4,2,35,0.0016586669953539968,742424576,0.359375
cifar10,pruning,0.8,4,2,36,0.0015667500119889155,742424576,0.4375
cifar10,pruning,0.8,4,2,37,0.001602874996024184,742424576,0.359375
cifar10,pruning,0.8,4,2,38,0.0015806669980520383,742424576,0.484375
cifar10,pruning,0.8,4,2,39,0.0015774579951539636,742424576,0.421875
cifar10,pruning,0.8,4,2,40,0.0016607090074103326,742424576,0.421875
cifar10,pruning,0.8,4,2,41,0.0016759169957367703,742424576,0.375
cifar10,pruning,0.8,4,2,42,0.0016230830078711733,742424576,0.3671875
cifar10,pruning,0.8,4,2,43,0.0015978750016074628,742424576,0.375
cifar10,pruning,0.8,4,2,44,0.001632416999200359,742424576,0.453125
cifar10,pruning,0.8,4,2,45,0.0015310410090023652,742424576,0.390625
cifar10,pruning,0.8,4,2,46,0.0016799160075606778,742424576,0.4140625
cifar10,pruning,0.8,4,2,47,0.0016124579997267574,742424576,0.390625
cifar10,pruning,0.8,4,2,48,0.0016340000001946464,742424576,0.375
cifar10,pruning,0.8,4,2,49,0.0016822500037960708,742424576,0.421875
cifar10,pruning,0.8,4,2,50,0.0015677500050514936,742424576,0.3984375
cifar10,pruning,0.8,4,2,51,0.001592957996763289,742424576,0.3125
cifar10,pruning,0.8,4,2,52,0.0015707910060882568,742424576,0.390625
cifar10,pruning,0.8,4,2,53,0.0015856669924687594,742424576,0.3828125
cifar10,pruning,0.8,4,2,54,0.0016354580002371222,742424576,0.46875
cifar10,pruning,0.8,4,2,55,0.0016425840003648773,742424576,0.46875
cifar10,pruning,0.8,4,2,56,0.0016459159960504621,742424576,0.4609375
cifar10,pruning,0.8,4,2,57,0.0016462079947814345,742424576,0.4765625
cifar10,pruning,0.8,4,2,58,0.0015989160019671544,742424576,0.453125
cifar10,pruning,0.8,4,2,59,0.0016414159908890724,742424576,0.359375
cifar10,pruning,0.8,4,2,60,0.0016738749982323498,742424576,0.4375
cifar10,pruning,0.8,4,2,61,0.001653958999668248,742424576,0.4296875
cifar10,pruning,0.8,4,2,62,0.0016530830034753308,742424576,0.4140625
cifar10,pruning,0.8,4,2,63,0.0016630000027362257,742424576,0.3984375
cifar10,pruning,0.8,4,2,64,0.0016338749992428347,742424576,0.4375
cifar10,pruning,0.8,4,2,65,0.001601708005182445,742424576,0.40625
cifar10,pruning,0.8,4,2,66,0.0016450420080218464,742424576,0.4140625
cifar10,pruning,0.8,4,2,67,0.001658499997574836,742424576,0.359375
cifar10,pruning,0.8,4,2,68,0.0015372079942608252,742424576,0.3984375
cifar10,pruning,0.8,4,2,69,0.0015363749989774078,742424576,0.4375
cifar10,pruning,0.8,4,2,70,0.001597542010131292,742424576,0.359375
cifar10,pruning,0.8,4,2,71,0.0016230830078711733,742424576,0.34375
cifar10,pruning,0.8,4,2,72,0.0016317499976139516,742424576,0.390625
cifar10,pruning,0.8,4,2,73,0.0016471660055685788,742424576,0.453125
cifar10,pruning,0.8,4,2,74,0.0015943340113153681,742424576,0.3828125
cifar10,pruning,0.8,4,2,75,0.0016298330010613427,742424576,0.3359375
cifar10,pruning,0.8,4,2,76,0.0015740410017315298,742424576,0.4296875
cifar10,pruning,0.8,4,2,77,0.0016547089908272028,742424576,0.53125
cifar10,pruning,0.8,4,2,78,0.0015372500056400895,742424576,0.3671875
cifar10,pruning,0.8,4,2,79,0.0016662090056343004,742424576,0.3671875
cifar10,pruning,0.8,4,2,80,0.0016017919988371432,742424576,0.421875
cifar10,pruning,0.8,4,2,81,0.0016559999930905178,742424576,0.453125
cifar10,pruning,0.8,4,2,82,0.00154208300227765,742424576,0.4296875
cifar10,pruning,0.8,4,2,83,0.0015260840009432286,742424576,0.4453125
cifar10,pruning,0.8,4,2,84,0.0016103749949252233,742424576,0.3828125
cifar10,pruning,0.8,4,2,85,0.001558874995680526,742424576,0.3515625
cifar10,pruning,0.8,4,2,86,0.0016313340020133182,742424576,0.421875
cifar10,pruning,0.8,4,2,87,0.0016453749994980171,742424576,0.46875
cifar10,pruning,0.8,4,2,88,0.001620000010007061,742424576,0.4609375
cifar10,pruning,0.8,4,2,89,0.0016445419896626845,742424576,0.4140625
cifar10,pruning,0.8,4,2,90,0.0016455419972771779,742424576,0.4140625
cifar10,pruning,0.8,4,2,91,0.00153854199743364,742424576,0.4453125
cifar10,pruning,0.8,4,2,92,0.0016182499966816977,742424576,0.4140625
cifar10,pruning,0.8,4,2,93,0.0017244159971596673,742424576,0.3671875
cifar10,pruning,0.8,4,2,94,0.0015414579975185916,742424576,0.421875
cifar10,pruning,0.8,4,2,95,0.0016363749891752377,742424576,0.4453125
cifar10,pruning,0.8,4,2,96,0.0016190000023925677,742424576,0.4140625
cifar10,pruning,0.8,4,2,97,0.0015831659984542057,742424576,0.4140625
cifar10,pruning,0.8,4,2,98,0.0015986249927664176,742424576,0.4609375
cifar10,pruning,0.8,4,2,99,0.001608000005944632,742424576,0.3984375
cifar10,pruning,0.8,4,2,100,0.001617707996047102,742424576,0.4140625
cifar10,pruning,0.8,4,2,101,0.0016325420001521707,742424576,0.4453125
cifar10,pruning,0.8,4,2,102,0.0016011249972507358,742424576,0.4609375
cifar10,pruning,0.8,4,2,103,0.0016259169933618978,742424576,0.40625
cifar10,pruning,0.8,4,2,104,0.001606458012247458,742440960,0.453125
cifar10,pruning,0.8,4,2,105,0.001597540991497226,742440960,0.421875
cifar10,pruning,0.8,4,2,106,0.0014937090018065646,742440960,0.46875
cifar10,pruning,0.8,4,2,107,0.0016042920033214614,742440960,0.359375
cifar10,pruning,0.8,4,2,108,0.0016174579941434786,742440960,0.4609375
cifar10,pruning,0.8,4,2,109,0.0016340839938493446,742440960,0.4140625
cifar10,pruning,0.8,4,2,110,0.0016327499906765297,742440960,0.390625
cifar10,pruning,0.8,4,2,111,0.0016331660008290783,742440960,0.4765625
cifar10,pruning,0.8,4,2,112,0.0016356659907614812,742440960,0.4375
cifar10,pruning,0.8,4,2,113,0.00164004199905321,742440960,0.453125
cifar10,pruning,0.8,4,2,114,0.0016303750016959384,742440960,0.375
cifar10,pruning,0.8,4,2,115,0.0016322500014211982,742440960,0.3671875
cifar10,pruning,0.8,4,2,116,0.0016679999971529469,742440960,0.421875
cifar10,pruning,0.8,4,2,117,0.0016353749961126596,742440960,0.4140625
cifar10,pruning,0.8,4,2,118,0.0016372499958379194,742440960,0.4375
cifar10,pruning,0.8,4,2,119,0.0015262910019373521,742440960,0.40625
cifar10,pruning,0.8,4,2,120,0.0015475420077564195,742440960,0.3984375
cifar10,pruning,0.8,4,2,121,0.0015453340020030737,742440960,0.3828125
cifar10,pruning,0.8,4,2,122,0.0015052079979795963,742440960,0.5078125
cifar10,pruning,0.8,4,2,123,0.0016371249948861077,742440960,0.34375
cifar10,pruning,0.8,4,2,124,0.0016028329991968349,742440960,0.4375
cifar10,pruning,0.8,4,2,125,0.0015349580062320456,742440960,0.421875
cifar10,pruning,0.8,4,2,126,0.0015757079963805154,742440960,0.3984375
cifar10,pruning,0.8,4,2,127,0.0016094169986899942,742457344,0.4609375
cifar10,pruning,0.8,4,2,128,0.001716041995678097,742457344,0.46875
cifar10,pruning,0.8,4,2,129,0.0019144169928040355,742473728,0.4140625
cifar10,pruning,0.8,4,2,130,0.0024573749979026616,742473728,0.4453125
cifar10,pruning,0.8,4,2,131,0.0019258329994045198,742473728,0.4609375
cifar10,pruning,0.8,4,2,132,0.0016340000001946464,742473728,0.4453125
cifar10,pruning,0.8,4,2,133,0.0016157500067492947,742473728,0.4296875
cifar10,pruning,0.8,4,2,134,0.0016465840017190203,742473728,0.3828125
cifar10,pruning,0.8,4,2,135,0.001633374995435588,742473728,0.40625
cifar10,pruning,0.8,4,2,136,0.0015407500031869859,742473728,0.40625
cifar10,pruning,0.8,4,2,137,0.0015891249931883067,742473728,0.421875
cifar10,pruning,0.8,4,2,138,0.001638874993659556,742473728,0.4375
cifar10,pruning,0.8,4,2,139,0.0017122919962275773,742473728,0.421875
cifar10,pruning,0.8,4,2,140,0.0016087499971035868,742473728,0.3828125
cifar10,pruning,0.8,4,2,141,0.0016414590063504875,742490112,0.40625
cifar10,pruning,0.8,4,2,142,0.0016095000028144568,742490112,0.4296875
cifar10,pruning,0.8,4,2,143,0.0015400420088553801,742490112,0.40625
cifar10,pruning,0.8,4,2,144,0.001644957999815233,742490112,0.3828125
cifar10,pruning,0.8,4,2,145,0.0016490830021211877,742490112,0.3671875
cifar10,pruning,0.8,4,2,146,0.001639834008528851,742490112,0.453125
cifar10,pruning,0.8,4,2,147,0.0015303330001188442,742490112,0.46875
cifar10,pruning,0.8,4,2,148,0.0015304590051528066,742490112,0.421875
cifar10,pruning,0.8,4,2,149,0.0015392089990200475,742490112,0.4375
cifar10,pruning,0.8,4,2,150,0.0015272909949999303,742490112,0.421875
cifar10,pruning,0.8,4,2,151,0.001521750004030764,742490112,0.4453125
cifar10,pruning,0.8,4,2,152,0.0015578749880660325,742490112,0.4296875
cifar10,pruning,0.8,4,2,153,0.0017053330084308982,742490112,0.3828125
cifar10,pruning,0.8,4,2,154,0.0015560830070171505,742490112,0.3984375
cifar10,pruning,0.8,4,2,155,0.0015731250023236498,742490112,0.3671875
cifar10,pruning,0.8,4,2,156,0.0015633750008419156,742490112,0.359375
cifar10,pruning,0.8,4,2,157,0.0016344579926226288,742490112,0.421875
cifar10,pruning,0.8,4,2,158,0.001692333011305891,742490112,0.390625
cifar10,pruning,0.8,4,2,159,0.0015957499999785796,742490112,0.3828125
cifar10,pruning,0.8,4,2,160,0.0016440409963252023,742490112,0.453125
cifar10,pruning,0.8,4,2,161,0.0016351249942090362,742490112,0.328125
cifar10,pruning,0.8,4,2,162,0.0016355830011889338,742490112,0.4140625
cifar10,pruning,0.8,4,2,163,0.0015669999993406236,742490112,0.421875
cifar10,pruning,0.8,4,2,164,0.001637291003135033,742506496,0.4296875
cifar10,pruning,0.8,4,2,165,0.001539040997158736,742506496,0.40625
cifar10,pruning,0.8,4,2,166,0.0015950420056469738,742506496,0.46875
cifar10,pruning,0.8,4,2,167,0.0016462499916087836,742506496,0.34375
cifar10,pruning,0.8,4,2,168,0.00151891699351836,742506496,0.4375
cifar10,pruning,0.8,4,2,169,0.001534665992949158,742506496,0.4375
cifar10,pruning,0.8,4,2,170,0.0015314170013880357,742506496,0.40625
cifar10,pruning,0.8,4,2,171,0.0015218749904306605,742506496,0.46875
cifar10,pruning,0.8,4,2,172,0.0016287909966195002,742506496,0.453125
cifar10,pruning,0.8,4,2,173,0.0016385829949285835,742506496,0.4296875
cifar10,pruning,0.8,4,2,174,0.0015570830000797287,742506496,0.3828125
cifar10,pruning,0.8,4,2,175,0.001539250006317161,742506496,0.4453125
cifar10,pruning,0.8,4,2,176,0.0015932499954942614,742506496,0.4296875
cifar10,pruning,0.8,4,2,177,0.0016397500003222376,742506496,0.453125
cifar10,pruning,0.8,4,2,178,0.0015338329976657405,742522880,0.453125
cifar10,pruning,0.8,4,2,179,0.0016299999988405034,742522880,0.3828125
cifar10,pruning,0.8,4,2,180,0.0016197499935515225,742522880,0.40625
cifar10,pruning,0.8,4,2,181,0.0016328330093529075,742522880,0.3359375
cifar10,pruning,0.8,4,2,182,0.001531874993816018,742522880,0.4609375
cifar10,pruning,0.8,4,2,183,0.001520415986306034,742522880,0.453125
cifar10,pruning,0.8,4,2,184,0.001607666999916546,742522880,0.4609375
cifar10,pruning,0.8,4,2,185,0.0016450830007670447,742522880,0.3984375
cifar10,pruning,0.8,4,2,186,0.001604042001417838,742522880,0.40625
cifar10,pruning,0.8,4,2,187,0.001603040989721194,742522880,0.34375
cifar10,pruning,0.8,4,2,188,0.0016162499960046262,742522880,0.4453125
cifar10,pruning,0.8,4,2,189,0.0016391249955631793,742522880,0.3828125
cifar10,pruning,0.8,4,2,190,0.0016583329997956753,742522880,0.40625
cifar10,pruning,0.8,4,2,191,0.001591333988471888,742522880,0.4140625
cifar10,pruning,0.8,4,2,192,0.001543833001051098,742522880,0.3515625
cifar10,pruning,0.8,4,2,193,0.0015140420000534505,742522880,0.453125
cifar10,pruning,0.8,4,2,194,0.00153929200314451,742522880,0.3828125
cifar10,pruning,0.8,4,2,195,0.001628833997529,742522880,0.390625
cifar10,pruning,0.8,4,2,196,0.0016178329969989136,742522880,0.421875
cifar10,pruning,0.8,4,2,197,0.0016410420066677034,742522880,0.5078125
cifar10,pruning,0.8,4,2,198,0.0015892500086920336,742522880,0.4140625
cifar10,pruning,0.8,4,2,199,0.0015178750036284328,742522880,0.46875
cifar10,pruning,0.8,4,2,200,0.001625332995899953,742522880,0.4453125
cifar10,pruning,0.8,4,2,201,0.0016365420015063137,742522880,0.4453125
cifar10,pruning,0.8,4,2,202,0.0016212079935939983,742522880,0.40625
cifar10,pruning,0.8,4,2,203,0.001600792005774565,742522880,0.421875
cifar10,pruning,0.8,4,2,204,0.0015981670003384352,742522880,0.46875
cifar10,pruning,0.8,4,2,205,0.001589332998264581,742522880,0.3515625
cifar10,pruning,0.8,4,2,206,0.0015830000047571957,742522880,0.4453125
cifar10,pruning,0.8,4,2,207,0.0016187080036615953,742522880,0.421875
cifar10,pruning,0.8,4,2,208,0.00161087499873247,742522880,0.3828125
cifar10,pruning,0.8,4,2,209,0.0016467500099679455,742522880,0.4609375
cifar10,pruning,0.8,4,2,210,0.0015906670014373958,742522880,0.4453125
cifar10,pruning,0.8,4,2,211,0.0015959590091370046,742522880,0.4609375
cifar10,pruning,0.8,4,2,212,0.0016250839980784804,742522880,0.4375
cifar10,pruning,0.8,4,2,213,0.0016106669936561957,742522880,0.4140625
cifar10,pruning,0.8,4,2,214,0.001618082998902537,742522880,0.4296875
cifar10,pruning,0.8,4,2,215,0.0016342500020982698,742522880,0.5390625
cifar10,pruning,0.8,4,2,216,0.001771084003848955,742522880,0.4296875
cifar10,pruning,0.8,4,2,217,0.0016319579881383106,742522880,0.3828125
cifar10,pruning,0.8,4,2,218,0.0016019160102587193,742522880,0.453125
cifar10,pruning,0.8,4,2,219,0.0016164580010809004,742522880,0.3828125
cifar10,pruning,0.8,4,2,220,0.0016091249999590218,742522880,0.4765625
cifar10,pruning,0.8,4,2,221,0.0016210000030696392,742522880,0.453125
cifar10,pruning,0.8,4,2,222,0.0015989590028766543,742522880,0.390625
cifar10,pruning,0.8,4,2,223,0.0016304579912684858,742522880,0.375
cifar10,pruning,0.8,4,2,224,0.0015148329985095188,742522880,0.4453125
cifar10,pruning,0.8,4,2,225,0.0016176670033019036,742522880,0.390625
cifar10,pruning,0.8,4,2,226,0.0016259999974863604,742522880,0.3671875
cifar10,pruning,0.8,4,2,227,0.001616833993466571,742522880,0.4296875
cifar10,pruning,0.8,4,2,228,0.0015075420087669045,742522880,0.5390625
cifar10,pruning,0.8,4,2,229,0.0015765839925734326,742522880,0.5390625
cifar10,pruning,0.8,4,2,230,0.0016757910052547231,742522880,0.453125
cifar10,pruning,0.8,4,2,231,0.001520207995781675,742522880,0.3671875
cifar10,pruning,0.8,4,2,232,0.0016523329977644607,742522880,0.46875
cifar10,pruning,0.8,4,2,233,0.0015179170004557818,742522880,0.3828125
cifar10,pruning,0.8,4,2,234,0.0016115420003188774,742522880,0.4296875
cifar10,pruning,0.8,4,2,235,0.0016117500053951517,742522880,0.453125
cifar10,pruning,0.8,4,2,236,0.0016023329953895882,742522880,0.4140625
cifar10,pruning,0.8,4,2,237,0.0016375830018660054,742522880,0.4375
cifar10,pruning,0.8,4,2,238,0.001618332986254245,742522880,0.3828125
cifar10,pruning,0.8,4,2,239,0.0015107499930309132,742522880,0.3515625
cifar10,pruning,0.8,4,2,240,0.001616375011508353,742522880,0.4375
cifar10,pruning,0.8,4,2,241,0.0015554999990854412,742522880,0.40625
cifar10,pruning,0.8,4,2,242,0.001495415999670513,742522880,0.4375
cifar10,pruning,0.8,4,2,243,0.0016314579988829792,742522880,0.390625
cifar10,pruning,0.8,4,2,244,0.0016006250079954043,742522880,0.4375
cifar10,pruning,0.8,4,2,245,0.0016181250102818012,742522880,0.53125
cifar10,pruning,0.8,4,2,246,0.0016066249954747036,742522880,0.4375
cifar10,pruning,0.8,4,2,247,0.0016145830013556406,742522880,0.40625
cifar10,pruning,0.8,4,2,248,0.0016042500064941123,742522880,0.453125
cifar10,pruning,0.8,4,2,249,0.0015623750077793375,742522880,0.4296875
cifar10,pruning,0.8,4,2,250,0.0016092500009108335,742522880,0.4140625
cifar10,pruning,0.8,4,2,251,0.001645208991249092,742522880,0.453125
cifar10,pruning,0.8,4,2,252,0.0015051669906824827,742522880,0.4375
cifar10,pruning,0.8,4,2,253,0.0015864169981796294,742522880,0.5390625
cifar10,pruning,0.8,4,2,254,0.001628792000701651,742522880,0.4140625
cifar10,pruning,0.8,4,2,255,0.0016210000030696392,742522880,0.359375
cifar10,pruning,0.8,4,2,256,0.001601708005182445,742522880,0.40625
cifar10,pruning,0.8,4,2,257,0.0015206669922918081,742522880,0.375
cifar10,pruning,0.8,4,2,258,0.0016146669950103387,742522880,0.3671875
cifar10,pruning,0.8,4,2,259,0.0015662910009268671,742522880,0.375
cifar10,pruning,0.8,4,2,260,0.0015104170015547425,742522880,0.3671875
cifar10,pruning,0.8,4,2,261,0.0015868339978624135,742522880,0.4375
cifar10,pruning,0.8,4,2,262,0.0016058750043157488,742522880,0.4453125
cifar10,pruning,0.8,4,2,263,0.0016208340093726292,742522880,0.3515625
cifar10,pruning,0.8,4,2,264,0.001614541994058527,742522880,0.375
cifar10,pruning,0.8,4,2,265,0.0016231659974437207,742522880,0.5546875
cifar10,pruning,0.8,4,2,266,0.0016205839929170907,742522880,0.5078125
cifar10,pruning,0.8,4,2,267,0.0016307920013787225,742522880,0.4375
cifar10,pruning,0.8,4,2,268,0.0015837499959161505,742539264,0.4765625
cifar10,pruning,0.8,4,2,269,0.001513167007942684,742539264,0.3828125
cifar10,pruning,0.8,4,2,270,0.0015872499934630468,742539264,0.4296875
cifar10,pruning,0.8,4,2,271,0.0016227080050157383,742539264,0.3828125
cifar10,pruning,0.8,4,2,272,0.0017505410069134086,742539264,0.4765625
cifar10,pruning,0.8,4,2,273,0.0016086249961517751,742539264,0.40625
cifar10,pruning,0.8,4,2,274,0.0016109999996842816,742539264,0.390625
cifar10,pruning,0.8,4,2,275,0.0015072090027388185,742539264,0.3671875
cifar10,pruning,0.8,4,2,276,0.001600540999788791,742539264,0.359375
cifar10,pruning,0.8,4,2,277,0.0016212079935939983,742539264,0.3984375
cifar10,pruning,0.8,4,2,278,0.0016164999979082495,742539264,0.3828125
cifar10,pruning,0.8,4,2,279,0.0015508340002270415,742539264,0.3828125
cifar10,pruning,0.8,4,2,280,0.001510500005679205,742539264,0.4140625
cifar10,pruning,0.8,4,2,281,0.0015184170042630285,742555648,0.3828125
cifar10,pruning,0.8,4,2,282,0.001611291998415254,742555648,0.4296875
cifar10,pruning,0.8,4,2,283,0.001634665997698903,742555648,0.4140625
cifar10,pruning,0.8,4,2,284,0.0015943329926813021,742555648,0.3984375
cifar10,pruning,0.8,4,2,285,0.0016052919963840395,742555648,0.3828125
cifar10,pruning,0.8,4,2,286,0.0015554580022580922,742555648,0.4140625
cifar10,pruning,0.8,4,2,287,0.0015193330036709085,742555648,0.4765625
cifar10,pruning,0.8,4,2,288,0.0016085840034065768,742555648,0.4140625
cifar10,pruning,0.8,4,2,289,0.001610499995877035,742555648,0.5
cifar10,pruning,0.8,4,2,290,0.0016129169962368906,742555648,0.4375
cifar10,pruning,0.8,4,2,291,0.0016201249964069575,742555648,0.4765625
cifar10,pruning,0.8,4,2,292,0.0016201249964069575,742555648,0.3984375
cifar10,pruning,0.8,4,2,293,0.0016083749942481518,742555648,0.46875
cifar10,pruning,0.8,4,2,294,0.0016099579952424392,742555648,0.46875
cifar10,pruning,0.8,4,2,295,0.0016198749945033342,742555648,0.3828125
cifar10,pruning,0.8,4,2,296,0.001557167008286342,742555648,0.4140625
cifar10,pruning,0.8,4,2,297,0.0015550420066574588,742555648,0.484375
cifar10,pruning,0.8,4,2,298,0.0015031670045573264,742555648,0.3984375
cifar10,pruning,0.8,4,2,299,0.001599625000380911,742555648,0.3828125
cifar10,pruning,0.8,4,2,300,0.0016073750011855736,742555648,0.390625
cifar10,pruning,0.8,4,2,301,0.0016373750113416463,742555648,0.46875
cifar10,pruning,0.8,4,2,302,0.0016336249973392114,742555648,0.4453125
cifar10,pruning,0.8,4,2,303,0.0016401670000050217,742555648,0.4140625
cifar10,pruning,0.8,4,2,304,0.0016299580020131543,742555648,0.359375
cifar10,pruning,0.8,4,2,305,0.0016446250083390623,742555648,0.359375
cifar10,pruning,0.8,4,2,306,0.0016412080003647134,742555648,0.3828125
cifar10,pruning,0.8,4,2,307,0.0016544170066481456,742555648,0.4140625
cifar10,pruning,0.8,4,2,308,0.0016274999943561852,742555648,0.40625
cifar10,pruning,0.8,4,2,309,0.00163050000264775,742555648,0.4375
cifar10,pruning,0.8,4,2,310,0.0016414160054409876,742555648,0.3671875
cifar10,pruning,0.8,4,2,311,0.0016353340033674613,742555648,0.3984375
cifar10,pruning,0.8,4,2,312,0.0016229590110015124,742555648,0.3984375
cifar10,pruning,0.8,4,2,313,0.0016103329980978742,742555648,0.4453125
cifar10,pruning,0.8,4,2,314,0.0016043749928940088,742555648,0.4375
cifar10,pruning,0.8,4,2,315,0.0015286249981727451,742555648,0.40625
cifar10,pruning,0.8,4,2,316,0.0015159169997787103,742555648,0.453125
cifar10,pruning,0.8,4,2,317,0.0015439580020029098,742555648,0.375
cifar10,pruning,0.8,4,2,318,0.001561958997626789,742555648,0.4375
cifar10,pruning,0.8,4,2,319,0.0018003329896600917,742555648,0.375
cifar10,pruning,0.8,4,2,320,0.0015919170109555125,742555648,0.4375
cifar10,pruning,0.8,4,2,321,0.0023159999982453883,742572032,0.4453125
cifar10,pruning,0.8,4,2,322,0.0015811250050319359,742572032,0.484375
cifar10,pruning,0.8,4,2,323,0.0016142910026246682,742572032,0.390625
cifar10,pruning,0.8,4,2,324,0.001659541012486443,742572032,0.4140625
cifar10,pruning,0.8,4,2,325,0.001662541995756328,742588416,0.4140625
cifar10,pruning,0.8,4,2,326,0.00163145900296513,742588416,0.4140625
cifar10,pruning,0.8,4,2,327,0.0016869999963091686,742588416,0.375
cifar10,pruning,0.8,4,2,328,0.0016391249955631793,742588416,0.5
cifar10,pruning,0.8,4,2,329,0.0015334580093622208,742588416,0.46875
cifar10,pruning,0.8,4,2,330,0.0015422080032294616,742588416,0.375
cifar10,pruning,0.8,4,2,331,0.0016822909965412691,742588416,0.453125
cifar10,pruning,0.8,4,2,332,0.001532000009319745,742588416,0.390625
cifar10,pruning,0.8,4,2,333,0.0016443329950561747,742588416,0.40625
cifar10,pruning,0.8,4,2,334,0.0016107920091599226,742588416,0.46875
cifar10,pruning,0.8,4,2,335,0.001599459006683901,742588416,0.3828125
cifar10,pruning,0.8,4,2,336,0.0016135409969137982,742588416,0.3203125
cifar10,pruning,0.8,4,2,337,0.0015366250008810312,742588416,0.421875
cifar10,pruning,0.8,4,2,338,0.0016437500016763806,742588416,0.453125
cifar10,pruning,0.8,4,2,339,0.001512792005087249,742588416,0.4140625
cifar10,pruning,0.8,4,2,340,0.0015801250119693577,742588416,0.4609375
cifar10,pruning,0.8,4,2,341,0.0016354169929400086,742588416,0.4140625
cifar10,pruning,0.8,4,2,342,0.0015377910021925345,742588416,0.3828125
cifar10,pruning,0.8,4,2,343,0.0016080839995993301,742588416,0.4453125
cifar10,pruning,0.8,4,2,344,0.0015589590038871393,742588416,0.4609375
cifar10,pruning,0.8,4,2,345,0.001651208003750071,742588416,0.4296875
cifar10,pruning,0.8,4,2,346,0.0015867500042077154,742588416,0.484375
cifar10,pruning,0.8,4,2,347,0.0016235829971265048,742588416,0.375
cifar10,pruning,0.8,4,2,348,0.0016439169994555414,742588416,0.3984375
cifar10,pruning,0.8,4,2,349,0.001534875002107583,742588416,0.5
cifar10,pruning,0.8,4,2,350,0.001590041007148102,742588416,0.453125
cifar10,pruning,0.8,4,2,351,0.0016557500057388097,742588416,0.4375
cifar10,pruning,0.8,4,2,352,0.0015237500047078356,742588416,0.484375
cifar10,pruning,0.8,4,2,353,0.001636417000554502,742588416,0.46875
cifar10,pruning,0.8,4,2,354,0.0016447919915663078,742588416,0.4453125
cifar10,pruning,0.8,4,2,355,0.0016576669877395034,742588416,0.390625
cifar10,pruning,0.8,4,2,356,0.0016504160012118518,742588416,0.3984375
cifar10,pruning,0.8,4,2,357,0.0016497500037075952,742588416,0.359375
cifar10,pruning,0.8,4,2,358,0.001536791998660192,742588416,0.46875
cifar10,pruning,0.8,4,2,359,0.0015284580003935844,742588416,0.4375
cifar10,pruning,0.8,4,2,360,0.0016408329975092784,742588416,0.3828125
cifar10,pruning,0.8,4,2,361,0.0016258749965345487,742588416,0.421875
cifar10,pruning,0.8,4,2,362,0.0015957910072756931,742588416,0.4453125
cifar10,pruning,0.8,4,2,363,0.0016136250051204115,742588416,0.5
cifar10,pruning,0.8,4,2,364,0.0016302090079989284,742588416,0.40625
cifar10,pruning,0.8,4,2,365,0.001644417003262788,742604800,0.3984375
cifar10,pruning,0.8,4,2,366,0.0015331670001614839,742604800,0.359375
cifar10,pruning,0.8,4,2,367,0.0015211249992717057,742604800,0.4375
cifar10,pruning,0.8,4,2,368,0.001644708012463525,742604800,0.3359375
cifar10,pruning,0.8,4,2,369,0.0017482909897807986,742604800,0.46875
cifar10,pruning,0.8,4,2,370,0.0017144590092357248,742604800,0.390625
cifar10,pruning,0.8,4,2,371,0.0016679169930284843,742604800,0.453125
cifar10,pruning,0.8,4,2,372,0.00161854199541267,742604800,0.3203125
cifar10,pruning,0.8,4,2,373,0.0016460829938296229,742604800,0.34375
cifar10,pruning,0.8,4,2,374,0.0016362919996026903,742604800,0.390625
cifar10,pruning,0.8,4,2,375,0.001635459004319273,742604800,0.4453125
cifar10,pruning,0.8,4,2,376,0.0016242080018855631,742604800,0.4453125
cifar10,pruning,0.8,4,2,377,0.0016506249958183616,742604800,0.46875
cifar10,pruning,0.8,4,2,378,0.001630458005820401,742604800,0.4375
cifar10,pruning,0.8,4,2,379,0.0016366670024581254,742604800,0.4140625
cifar10,pruning,0.8,4,2,380,0.001624000011361204,742604800,0.4453125
cifar10,pruning,0.8,4,2,381,0.0016551659937249497,742604800,0.4765625
cifar10,pruning,0.8,4,2,382,0.001570709006045945,742604800,0.375
cifar10,pruning,0.8,4,2,383,0.0015647079999325797,742604800,0.3828125
cifar10,pruning,0.8,4,2,384,0.0015917909913696349,742604800,0.40625
cifar10,pruning,0.8,4,2,385,0.0016325420001521707,742604800,0.3671875
cifar10,pruning,0.8,4,2,386,0.0016470419941470027,742604800,0.4296875
cifar10,pruning,0.8,4,2,387,0.0016289170016534626,742604800,0.4609375
cifar10,pruning,0.8,4,2,388,0.001567832994624041,742604800,0.40625
cifar10,pruning,0.8,4,2,389,0.0015812500059837475,742604800,0.4140625
cifar10,pruning,0.8,4,2,390,0.001390707999235019,742604800,0.45
cifar10,pruning,0.8,4,3,0,0.001630292012123391,742670336,0.4375
cifar10,pruning,0.8,4,3,1,0.002797874985844828,742670336,0.3984375
cifar10,pruning,0.8,4,3,2,0.0017104579892475158,742670336,0.453125
cifar10,pruning,0.8,4,3,3,0.0016644999996060506,742670336,0.4375
cifar10,pruning,0.8,4,3,4,0.001554125003167428,742670336,0.390625
cifar10,pruning,0.8,4,3,5,0.0016711670032236725,742670336,0.4609375
cifar10,pruning,0.8,4,3,6,0.0017065840074792504,742670336,0.4375
cifar10,pruning,0.8,4,3,7,0.0016900420014280826,742686720,0.453125
cifar10,pruning,0.8,4,3,8,0.0016601669922238216,742686720,0.421875
cifar10,pruning,0.8,4,3,9,0.0015774159983266145,742686720,0.3359375
cifar10,pruning,0.8,4,3,10,0.0016605830023763701,742686720,0.5
cifar10,pruning,0.8,4,3,11,0.001636834000237286,742686720,0.46875
cifar10,pruning,0.8,4,3,12,0.0016765830077929422,744259584,0.4296875
cifar10,pruning,0.8,4,3,13,0.0016554999892832711,744259584,0.4765625
cifar10,pruning,0.8,4,3,14,0.0016021250048652291,744259584,0.3671875
cifar10,pruning,0.8,4,3,15,0.0015132499975152314,744259584,0.4609375
cifar10,pruning,0.8,4,3,16,0.0015687919949414209,744259584,0.4453125
cifar10,pruning,0.8,4,3,17,0.0015866670000832528,744259584,0.4609375
cifar10,pruning,0.8,4,3,18,0.0015944579936331138,744259584,0.3984375
cifar10,pruning,0.8,4,3,19,0.0016412500117439777,744259584,0.4453125
cifar10,pruning,0.8,4,3,20,0.0017657910066191107,744259584,0.421875
cifar10,pruning,0.8,4,3,21,0.0017260000022361055,744275968,0.484375
cifar10,pruning,0.8,4,3,22,0.0016697090031811967,744275968,0.5
cifar10,pruning,0.8,4,3,23,0.0016270420019282028,744275968,0.4375
cifar10,pruning,0.8,4,3,24,0.0016495000018039718,744275968,0.5390625
cifar10,pruning,0.8,4,3,25,0.001631208011531271,744275968,0.4375
cifar10,pruning,0.8,4,3,26,0.0015276249905582517,744275968,0.375
cifar10,pruning,0.8,4,3,27,0.0016069999983301386,744275968,0.40625
cifar10,pruning,0.8,4,3,28,0.0015942499885568395,744275968,0.5234375
cifar10,pruning,0.8,4,3,29,0.001633917010622099,744275968,0.515625
cifar10,pruning,0.8,4,3,30,0.0015441249997820705,744275968,0.46875
cifar10,pruning,0.8,4,3,31,0.0016473329887958243,744275968,0.4765625
cifar10,pruning,0.8,4,3,32,0.0016455830045742914,744275968,0.4375
cifar10,pruning,0.8,4,3,33,0.001667791002546437,744275968,0.375
cifar10,pruning,0.8,4,3,34,0.0016420000029029325,744275968,0.5234375
cifar10,pruning,0.8,4,3,35,0.0017193749954458326,744275968,0.3984375
cifar10,pruning,0.8,4,3,36,0.0016272079956252128,744275968,0.4765625
cifar10,pruning,0.8,4,3,37,0.0016360829904442653,744292352,0.421875
cifar10,pruning,0.8,4,3,38,0.0016576669877395034,744292352,0.359375
cifar10,pruning,0.8,4,3,39,0.0016087499971035868,744292352,0.3984375
cifar10,pruning,0.8,4,3,40,0.0015376250084955245,744292352,0.4375
cifar10,pruning,0.8,4,3,41,0.0016542499943170696,744292352,0.390625
cifar10,pruning,0.8,4,3,42,0.0016643330018268898,744292352,0.515625
cifar10,pruning,0.8,4,3,43,0.001649917001486756,744292352,0.40625
cifar10,pruning,0.8,4,3,44,0.0016486249951412901,744292352,0.4921875
cifar10,pruning,0.8,4,3,45,0.001727459006360732,744292352,0.4375
cifar10,pruning,0.8,4,3,46,0.0016518339980393648,744292352,0.484375
cifar10,pruning,0.8,4,3,47,0.0015436249959748238,744292352,0.453125
cifar10,pruning,0.8,4,3,48,0.0015586249937769026,744292352,0.4296875
cifar10,pruning,0.8,4,3,49,0.0015474159881705418,744292352,0.421875
cifar10,pruning,0.8,4,3,50,0.0015549999952781945,744292352,0.484375
cifar10,pruning,0.8,4,3,51,0.001614082997548394,744292352,0.484375
cifar10,pruning,0.8,4,3,52,0.001494875003118068,744292352,0.5546875
cifar10,pruning,0.8,4,3,53,0.0015930829977151006,744292352,0.4609375
cifar10,pruning,0.8,4,3,54,0.0016770829970482737,744292352,0.5390625
cifar10,pruning,0.8,4,3,55,0.001628792000701651,744292352,0.453125
cifar10,pruning,0.8,4,3,56,0.0016442500054836273,744292352,0.390625
cifar10,pruning,0.8,4,3,57,0.0015797079977346584,744292352,0.4453125
cifar10,pruning,0.8,4,3,58,0.001592957996763289,744292352,0.375
cifar10,pruning,0.8,4,3,59,0.0015257920022122562,744292352,0.4296875
cifar10,pruning,0.8,4,3,60,0.0016059170011430979,744292352,0.40625
cifar10,pruning,0.8,4,3,61,0.0016220419929595664,744292352,0.4453125
cifar10,pruning,0.8,4,3,62,0.001640000002225861,744292352,0.4453125
cifar10,pruning,0.8,4,3,63,0.0016429170063929632,744292352,0.390625
cifar10,pruning,0.8,4,3,64,0.0015290830051526427,744292352,0.4453125
cifar10,pruning,0.8,4,3,65,0.0015726669953437522,744292352,0.484375
cifar10,pruning,0.8,4,3,66,0.0016484579973621294,744292352,0.3984375
cifar10,pruning,0.8,4,3,67,0.0025255420041503385,744292352,0.484375
cifar10,pruning,0.8,4,3,68,0.0018833330104826018,744292352,0.453125
cifar10,pruning,0.8,4,3,69,0.0020231669914210215,744292352,0.4140625
cifar10,pruning,0.8,4,3,70,0.0028652909968513995,744292352,0.4609375
cifar10,pruning,0.8,4,3,71,0.0024969999940367416,744292352,0.5
cifar10,pruning,0.8,4,3,72,0.0017769999976735562,744292352,0.4375
cifar10,pruning,0.8,4,3,73,0.0017191250080941245,744292352,0.40625
cifar10,pruning,0.8,4,3,74,0.0016915419982979074,744292352,0.4609375
cifar10,pruning,0.8,4,3,75,0.0015498339926125482,744292352,0.4296875
cifar10,pruning,0.8,4,3,76,0.001628166006412357,744292352,0.46875
cifar10,pruning,0.8,4,3,77,0.0016962919908110052,744308736,0.46875
cifar10,pruning,0.8,4,3,78,0.0015547080110991374,744308736,0.421875
cifar10,pruning,0.8,4,3,79,0.0016168330039363354,744308736,0.4296875
cifar10,pruning,0.8,4,3,80,0.0016358749999199063,744308736,0.4609375
cifar10,pruning,0.8,4,3,81,0.0016088750126073137,744325120,0.4296875
cifar10,pruning,0.8,4,3,82,0.0016392920078942552,744325120,0.5
cifar10,pruning,0.8,4,3,83,0.001681708003161475,744325120,0.4375
cifar10,pruning,0.8,4,3,84,0.0016265840095002204,744325120,0.4375
cifar10,pruning,0.8,4,3,85,0.0016248340107267722,744325120,0.4609375
cifar10,pruning,0.8,4,3,86,0.0016495000018039718,744325120,0.5
cifar10,pruning,0.8,4,3,87,0.001701500004855916,744325120,0.4140625
cifar10,pruning,0.8,4,3,88,0.0016445420042145997,744325120,0.453125
cifar10,pruning,0.8,4,3,89,0.0016465420048916712,744325120,0.421875
cifar10,pruning,0.8,4,3,90,0.0016604580014245585,744325120,0.453125
cifar10,pruning,0.8,4,3,91,0.001676750005572103,744325120,0.4453125
cifar10,pruning,0.8,4,3,92,0.0016662910056766123,744325120,0.4375
cifar10,pruning,0.8,4,3,93,0.001545749997603707,744325120,0.4453125
cifar10,pruning,0.8,4,3,94,0.0015606669912813231,744325120,0.46875
cifar10,pruning,0.8,4,3,95,0.001526334002846852,744325120,0.40625
cifar10,pruning,0.8,4,3,96,0.0016754589887568727,744325120,0.4375
cifar10,pruning,0.8,4,3,97,0.0016761669976403937,744325120,0.421875
cifar10,pruning,0.8,4,3,98,0.0015243340021697804,744325120,0.46875
cifar10,pruning,0.8,4,3,99,0.001552582994918339,744325120,0.3984375
cifar10,pruning,0.8,4,3,100,0.0015883329906500876,744325120,0.4609375
cifar10,pruning,0.8,4,3,101,0.0016077089967438951,744325120,0.4140625
cifar10,pruning,0.8,4,3,102,0.001517374999821186,744325120,0.4140625
cifar10,pruning,0.8,4,3,103,0.0016267909959424287,744325120,0.3828125
cifar10,pruning,0.8,4,3,104,0.0016261659911833704,744325120,0.5390625
cifar10,pruning,0.8,4,3,105,0.0016412499971920624,744325120,0.4609375
cifar10,pruning,0.8,4,3,106,0.0016296249959850684,744341504,0.5
cifar10,pruning,0.8,4,3,107,0.001643084004172124,744341504,0.4921875
cifar10,pruning,0.8,4,3,108,0.0016230830078711733,744341504,0.46875
cifar10,pruning,0.8,4,3,109,0.001618124995729886,744341504,0.453125
cifar10,pruning,0.8,4,3,110,0.0016300419956678525,744341504,0.375
cifar10,pruning,0.8,4,3,111,0.0016503749939147383,744341504,0.4375
cifar10,pruning,0.8,4,3,112,0.001556792005430907,744341504,0.5390625
cifar10,pruning,0.8,4,3,113,0.0015424159937538207,744341504,0.3828125
cifar10,pruning,0.8,4,3,114,0.0014945830043870956,744341504,0.390625
cifar10,pruning,0.8,4,3,115,0.0015301660023396835,744341504,0.453125
cifar10,pruning,0.8,4,3,116,0.001546290994156152,744341504,0.5
cifar10,pruning,0.8,4,3,117,0.0016233749920502305,744341504,0.4765625
cifar10,pruning,0.8,4,3,118,0.0015251250006258488,744341504,0.5078125
cifar10,pruning,0.8,4,3,119,0.0016552079905522987,744341504,0.4609375
cifar10,pruning,0.8,4,3,120,0.001598958988324739,744341504,0.5
cifar10,pruning,0.8,4,3,121,0.0015092919929884374,744341504,0.4921875
cifar10,pruning,0.8,4,3,122,0.001564375008456409,744341504,0.3671875
cifar10,pruning,0.8,4,3,123,0.0015140000032261014,744341504,0.4375
cifar10,pruning,0.8,4,3,124,0.0016134170000441372,744341504,0.4765625
cifar10,pruning,0.8,4,3,125,0.0015112080000108108,744341504,0.3984375
cifar10,pruning,0.8,4,3,126,0.0015283749962691218,744341504,0.4921875
cifar10,pruning,0.8,4,3,127,0.001523459010059014,744341504,0.3828125
cifar10,pruning,0.8,4,3,128,0.001542500001960434,744341504,0.53125
cifar10,pruning,0.8,4,3,129,0.001528207998489961,744341504,0.4453125
cifar10,pruning,0.8,4,3,130,0.0015265830006683245,744341504,0.4296875
cifar10,pruning,0.8,4,3,131,0.0015556659927824512,744341504,0.484375
cifar10,pruning,0.8,4,3,132,0.0015270000003511086,744341504,0.453125
cifar10,pruning,0.8,4,3,133,0.0016606249992037192,744341504,0.546875
cifar10,pruning,0.8,4,3,134,0.0016052919963840395,744341504,0.4296875
cifar10,pruning,0.8,4,3,135,0.0016634170024190098,744341504,0.4140625
cifar10,pruning,0.8,4,3,136,0.0015217920008581132,744341504,0.421875
cifar10,pruning,0.8,4,3,137,0.0016666669980622828,744341504,0.5390625
cifar10,pruning,0.8,4,3,138,0.0015631250134902075,744341504,0.4765625
cifar10,pruning,0.8,4,3,139,0.0015551249962300062,744341504,0.46875
cifar10,pruning,0.8,4,3,140,0.0015300000086426735,744341504,0.484375
cifar10,pruning,0.8,4,3,141,0.0015342080005211756,744341504,0.484375
cifar10,pruning,0.8,4,3,142,0.0016496250027557835,744341504,0.4375
cifar10,pruning,0.8,4,3,143,0.0015329159941757098,744341504,0.46875
cifar10,pruning,0.8,4,3,144,0.0016338749992428347,744341504,0.3828125
cifar10,pruning,0.8,4,3,145,0.001629332997254096,744341504,0.421875
cifar10,pruning,0.8,4,3,146,0.0015905420004855841,744341504,0.4375
cifar10,pruning,0.8,4,3,147,0.001596000001882203,744341504,0.46875
cifar10,pruning,0.8,4,3,148,0.0015899580030236393,744341504,0.3984375
cifar10,pruning,0.8,4,3,149,0.0016649589961161837,744341504,0.5
cifar10,pruning,0.8,4,3,150,0.0016715420060791075,744341504,0.4140625
cifar10,pruning,0.8,4,3,151,0.0015645409876015037,744341504,0.4765625
cifar10,pruning,0.8,4,3,152,0.001531457994133234,744341504,0.4453125
cifar10,pruning,0.8,4,3,153,0.0015598330064676702,744341504,0.4375
cifar10,pruning,0.8,4,3,154,0.001591459003975615,744341504,0.5
cifar10,pruning,0.8,4,3,155,0.0015856660029385239,744341504,0.421875
cifar10,pruning,0.8,4,3,156,0.0016202919941861182,744341504,0.4140625
cifar10,pruning,0.8,4,3,157,0.0016599999944446608,744341504,0.4609375
cifar10,pruning,0.8,4,3,158,0.0016033749998314306,744341504,0.5078125
cifar10,pruning,0.8,4,3,159,0.0016653750062687322,744341504,0.4375
cifar10,pruning,0.8,4,3,160,0.0016650840116199106,744341504,0.46875
cifar10,pruning,0.8,4,3,161,0.0015369169996120036,744341504,0.4921875
cifar10,pruning,0.8,4,3,162,0.0015406659949803725,744341504,0.484375
cifar10,pruning,0.8,4,3,163,0.0016138339997269213,744341504,0.421875
cifar10,pruning,0.8,4,3,164,0.0016335830005118623,744341504,0.4765625
cifar10,pruning,0.8,4,3,165,0.001524999999674037,744341504,0.5234375
cifar10,pruning,0.8,4,3,166,0.0015488750068470836,744341504,0.4921875
cifar10,pruning,0.8,4,3,167,0.001625125005375594,744341504,0.4296875
cifar10,pruning,0.8,4,3,168,0.0016273750079562888,744341504,0.4609375
cifar10,pruning,0.8,4,3,169,0.0015878330013947561,744341504,0.453125
cifar10,pruning,0.8,4,3,170,0.0015472920058527961,744341504,0.5078125
cifar10,pruning,0.8,4,3,171,0.0015420410054503009,744341504,0.53125
cifar10,pruning,0.8,4,3,172,0.0016664169961586595,744341504,0.421875
cifar10,pruning,0.8,4,3,173,0.0015917499986244366,744341504,0.53125
cifar10,pruning,0.8,4,3,174,0.0016528749983990565,744341504,0.4375
cifar10,pruning,0.8,4,3,175,0.0016640410030959174,744357888,0.46875
cifar10,pruning,0.8,4,3,176,0.0015883750020293519,744357888,0.546875
cifar10,pruning,0.8,4,3,177,0.0015525839990004897,744357888,0.421875
cifar10,pruning,0.8,4,3,178,0.0015477920096600428,744357888,0.515625
cifar10,pruning,0.8,4,3,179,0.0015329169982578605,744357888,0.4921875
cifar10,pruning,0.8,4,3,180,0.0016620419919490814,744357888,0.4609375
cifar10,pruning,0.8,4,3,181,0.001541875011753291,744357888,0.4296875
cifar10,pruning,0.8,4,3,182,0.0015322090039262548,744357888,0.53125
cifar10,pruning,0.8,4,3,183,0.0016324159951182082,744357888,0.515625
cifar10,pruning,0.8,4,3,184,0.0016666250012349337,744357888,0.40625
cifar10,pruning,0.8,4,3,185,0.00153087500075344,744357888,0.5390625
cifar10,pruning,0.8,4,3,186,0.0014857079950161278,744357888,0.421875
cifar10,pruning,0.8,4,3,187,0.0016679999971529469,744357888,0.390625
cifar10,pruning,0.8,4,3,188,0.001618124995729886,744357888,0.4765625
cifar10,pruning,0.8,4,3,189,0.0015906249900581315,744357888,0.484375
cifar10,pruning,0.8,4,3,190,0.00167108399909921,744357888,0.40625
cifar10,pruning,0.8,4,3,191,0.0016459579928778112,744357888,0.46875
cifar10,pruning,0.8,4,3,192,0.001645708005526103,744341504,0.4375
cifar10,pruning,0.8,4,3,193,0.0015344160055974498,744341504,0.3984375
cifar10,pruning,0.8,4,3,194,0.0015317499928642064,744341504,0.46875
cifar10,pruning,0.8,4,3,195,0.001667415999691002,744341504,0.4921875
cifar10,pruning,0.8,4,3,196,0.001579250005306676,744341504,0.546875
cifar10,pruning,0.8,4,3,197,0.0016292080108541995,744341504,0.5
cifar10,pruning,0.8,4,3,198,0.0016233329952228814,744341504,0.46875
cifar10,pruning,0.8,4,3,199,0.0016413340053986758,744341504,0.4921875
cifar10,pruning,0.8,4,3,200,0.0015000420098658651,744341504,0.4609375
cifar10,pruning,0.8,4,3,201,0.0015622089995304123,744341504,0.46875
cifar10,pruning,0.8,4,3,202,0.0016593330074101686,744341504,0.40625
cifar10,pruning,0.8,4,3,203,0.0016236670053331181,744341504,0.453125
cifar10,pruning,0.8,4,3,204,0.0016308329941239208,744341504,0.5078125
cifar10,pruning,0.8,4,3,205,0.0016101670044008642,744341504,0.3828125
cifar10,pruning,0.8,4,3,206,0.0016830419917823747,744341504,0.4921875
cifar10,pruning,0.8,4,3,207,0.0016452499985462055,744341504,0.484375
cifar10,pruning,0.8,4,3,208,0.0016267080063698813,744341504,0.5
cifar10,pruning,0.8,4,3,209,0.0016278750117635354,744341504,0.484375
cifar10,pruning,0.8,4,3,210,0.0016365420015063137,744341504,0.4609375
cifar10,pruning,0.8,4,3,211,0.001614875000086613,744341504,0.46875
cifar10,pruning,0.8,4,3,212,0.0015572499978588894,744341504,0.390625
cifar10,pruning,0.8,4,3,213,0.0015710000006947666,744341504,0.5234375
cifar10,pruning,0.8,4,3,214,0.0015049170033307746,744341504,0.3984375
cifar10,pruning,0.8,4,3,215,0.00160116700863,744341504,0.4765625
cifar10,pruning,0.8,4,3,216,0.001586292011779733,744341504,0.484375
cifar10,pruning,0.8,4,3,217,0.0015305830020224676,744341504,0.453125
cifar10,pruning,0.8,4,3,218,0.001621749994228594,744341504,0.4765625
cifar10,pruning,0.8,4,3,219,0.0016059580084402114,744341504,0.4296875
cifar10,pruning,0.8,4,3,220,0.0016149590082932264,744341504,0.3984375
cifar10,pruning,0.8,4,3,221,0.0016508340049767867,744341504,0.515625
cifar10,pruning,0.8,4,3,222,0.0016147499991348013,744341504,0.484375
cifar10,pruning,0.8,4,3,223,0.0016477500030305237,744341504,0.4453125
cifar10,pruning,0.8,4,3,224,0.0016410420066677034,744341504,0.4609375
cifar10,pruning,0.8,4,3,225,0.0016659579996485263,744341504,0.4921875
cifar10,pruning,0.8,4,3,226,0.0016243749996647239,744341504,0.515625
cifar10,pruning,0.8,4,3,227,0.001603666998562403,744341504,0.46875
cifar10,pruning,0.8,4,3,228,0.001635790991713293,744341504,0.5
cifar10,pruning,0.8,4,3,229,0.0016136670019477606,744341504,0.4765625
cifar10,pruning,0.8,4,3,230,0.0015707499987911433,744341504,0.4453125
cifar10,pruning,0.8,4,3,231,0.0015626669919583946,744341504,0.5
cifar10,pruning,0.8,4,3,232,0.0015136669971980155,744341504,0.546875
cifar10,pruning,0.8,4,3,233,0.0015414160006912425,744341504,0.46875
cifar10,pruning,0.8,4,3,234,0.0016362500027753413,744341504,0.5390625
cifar10,pruning,0.8,4,3,235,0.001615082990610972,744357888,0.4453125
cifar10,pruning,0.8,4,3,236,0.0015946670027915388,744357888,0.4453125
cifar10,pruning,0.8,4,3,237,0.0016058339970186353,744357888,0.484375
cifar10,pruning,0.8,4,3,238,0.0016152499883901328,744357888,0.53125
cifar10,pruning,0.8,4,3,239,0.0016550000000279397,744374272,0.40625
cifar10,pruning,0.8,4,3,240,0.001622416006284766,744374272,0.4765625
cifar10,pruning,0.8,4,3,241,0.0016087499971035868,744374272,0.4375
cifar10,pruning,0.8,4,3,242,0.0016124999965541065,744374272,0.453125
cifar10,pruning,0.8,4,3,243,0.0015744589909445494,744374272,0.453125
cifar10,pruning,0.8,4,3,244,0.0015256670012604445,744374272,0.5
cifar10,pruning,0.8,4,3,245,0.0015130839892663062,744374272,0.3671875
cifar10,pruning,0.8,4,3,246,0.0016095829923870042,744374272,0.4765625
cifar10,pruning,0.8,4,3,247,0.0016140000079758465,744374272,0.421875
cifar10,pruning,0.8,4,3,248,0.0015591669944114983,744374272,0.4765625
cifar10,pruning,0.8,4,3,249,0.0016216670046560466,744374272,0.4765625
cifar10,pruning,0.8,4,3,250,0.0015355000068666413,744374272,0.421875
cifar10,pruning,0.8,4,3,251,0.0016262080025626346,744390656,0.515625
cifar10,pruning,0.8,4,3,252,0.0015180839982349426,744390656,0.53125
cifar10,pruning,0.8,4,3,253,0.0015244169917423278,744390656,0.3671875
cifar10,pruning,0.8,4,3,254,0.0016414999990956858,744390656,0.546875
cifar10,pruning,0.8,4,3,255,0.00161162500444334,744390656,0.5703125
cifar10,pruning,0.8,4,3,256,0.0016196670039789751,744407040,0.53125
cifar10,pruning,0.8,4,3,257,0.0016361250018235296,744407040,0.5
cifar10,pruning,0.8,4,3,258,0.0016107920091599226,744407040,0.4609375
cifar10,pruning,0.8,4,3,259,0.0017277089937124401,744407040,0.5
cifar10,pruning,0.8,4,3,260,0.0016147910064319149,744407040,0.4140625
cifar10,pruning,0.8,4,3,261,0.0016006250079954043,744407040,0.34375
cifar10,pruning,0.8,4,3,262,0.0016190410096896812,744407040,0.4609375
cifar10,pruning,0.8,4,3,263,0.0015572500124108046,744407040,0.4375
cifar10,pruning,0.8,4,3,264,0.0015285840054275468,744407040,0.4140625
cifar10,pruning,0.8,4,3,265,0.0015202500071609393,744407040,0.421875
cifar10,pruning,0.8,4,3,266,0.0015455419925274327,744407040,0.5078125
cifar10,pruning,0.8,4,3,267,0.0016011660045478493,744407040,0.5546875
cifar10,pruning,0.8,4,3,268,0.00159200000052806,744423424,0.4765625
cifar10,pruning,0.8,4,3,269,0.0016166249988600612,744423424,0.5
cifar10,pruning,0.8,4,3,270,0.0016239160031545907,744423424,0.453125
cifar10,pruning,0.8,4,3,271,0.0016153750038938597,744423424,0.53125
cifar10,pruning,0.8,4,3,272,0.001647208002395928,744423424,0.4375
cifar10,pruning,0.8,4,3,273,0.0016132920136442408,744423424,0.4609375
cifar10,pruning,0.8,4,3,274,0.0016210419998969883,744423424,0.453125
cifar10,pruning,0.8,4,3,275,0.0016154170007212088,744423424,0.40625
cifar10,pruning,0.8,4,3,276,0.001603666998562403,744423424,0.4140625
cifar10,pruning,0.8,4,3,277,0.0016460000042570755,744423424,0.484375
cifar10,pruning,0.8,4,3,278,0.001612750013009645,744423424,0.453125
cifar10,pruning,0.8,4,3,279,0.0016090840072138235,744423424,0.3828125
cifar10,pruning,0.8,4,3,280,0.0016465410008095205,744423424,0.3671875
cifar10,pruning,0.8,4,3,281,0.001613917003851384,744423424,0.5234375
cifar10,pruning,0.8,4,3,282,0.0016431249969173223,744423424,0.4609375
cifar10,pruning,0.8,4,3,283,0.0015026249893708155,744423424,0.3984375
cifar10,pruning,0.8,4,3,284,0.0015986669895937666,744423424,0.5
cifar10,pruning,0.8,4,3,285,0.001614124994375743,744423424,0.5078125
cifar10,pruning,0.8,4,3,286,0.001607250000233762,744423424,0.4296875
cifar10,pruning,0.8,4,3,287,0.0016102080116979778,744423424,0.4375
cifar10,pruning,0.8,4,3,288,0.0015171249979175627,744423424,0.46875
cifar10,pruning,0.8,4,3,289,0.0016058339970186353,744423424,0.40625
cifar10,pruning,0.8,4,3,290,0.0016132500022649765,744423424,0.4296875
cifar10,pruning,0.8,4,3,291,0.0016163330001290888,744423424,0.390625
cifar10,pruning,0.8,4,3,292,0.0017528329917695373,744423424,0.40625
cifar10,pruning,0.8,4,3,293,0.001534499999252148,744423424,0.4609375
cifar10,pruning,0.8,4,3,294,0.0015321669925469905,744423424,0.484375
cifar10,pruning,0.8,4,3,295,0.001516375006758608,744423424,0.5234375
cifar10,pruning,0.8,4,3,296,0.0016102499939734116,744423424,0.4296875
cifar10,pruning,0.8,4,3,297,0.001633666004636325,744423424,0.3984375
cifar10,pruning,0.8,4,3,298,0.0016238749958574772,744423424,0.5
cifar10,pruning,0.8,4,3,299,0.0016128749994095415,744423424,0.515625
cifar10,pruning,0.8,4,3,300,0.001631999999517575,744423424,0.5
cifar10,pruning,0.8,4,3,301,0.001626290992135182,744423424,0.390625
cifar10,pruning,0.8,4,3,302,0.0016397500003222376,744423424,0.3984375
cifar10,pruning,0.8,4,3,303,0.0016298749978886917,744423424,0.515625
cifar10,pruning,0.8,4,3,304,0.0015529590018559247,744423424,0.4296875
cifar10,pruning,0.8,4,3,305,0.001508083994849585,744423424,0.453125
cifar10,pruning,0.8,4,3,306,0.0016100840002764016,744423424,0.46875
cifar10,pruning,0.8,4,3,307,0.001610499995877035,744423424,0.4375
cifar10,pruning,0.8,4,3,308,0.001625791992410086,744439808,0.5078125
cifar10,pruning,0.8,4,3,309,0.001608750011655502,744439808,0.453125
cifar10,pruning,0.8,4,3,310,0.0016186249995371327,744439808,0.359375
cifar10,pruning,0.8,4,3,311,0.00155220901069697,744439808,0.4296875
cifar10,pruning,0.8,4,3,312,0.0016060409980127588,744439808,0.4609375
cifar10,pruning,0.8,4,3,313,0.0015733750042272732,744439808,0.5
cifar10,pruning,0.8,4,3,314,0.0015087500069057569,744439808,0.4609375
cifar10,pruning,0.8,4,3,315,0.001616166002349928,744439808,0.4140625
cifar10,pruning,0.8,4,3,316,0.0015846669994061813,744439808,0.484375
cifar10,pruning,0.8,4,3,317,0.0016182499966816977,744439808,0.4609375
cifar10,pruning,0.8,4,3,318,0.0016212090122280642,744439808,0.46875
cifar10,pruning,0.8,4,3,319,0.0016095000028144568,744439808,0.4375
cifar10,pruning,0.8,4,3,320,0.0015555830032099038,744439808,0.515625
cifar10,pruning,0.8,4,3,321,0.0015560830070171505,744439808,0.4609375
cifar10,pruning,0.8,4,3,322,0.0015290830051526427,744439808,0.4765625
cifar10,pruning,0.8,4,3,323,0.0015471660008188337,744439808,0.515625
cifar10,pruning,0.8,4,3,324,0.0015400420088553801,744439808,0.4609375
cifar10,pruning,0.8,4,3,325,0.0015102499892236665,744439808,0.4453125
cifar10,pruning,0.8,4,3,326,0.0016124579997267574,744439808,0.453125
cifar10,pruning,0.8,4,3,327,0.001596582995261997,744439808,0.4453125
cifar10,pruning,0.8,4,3,328,0.0016121250082505867,744439808,0.4375
cifar10,pruning,0.8,4,3,329,0.001612166000995785,744439808,0.4765625
cifar10,pruning,0.8,4,3,330,0.0016098750056698918,744439808,0.40625
cifar10,pruning,0.8,4,3,331,0.001547250009025447,744439808,0.5
cifar10,pruning,0.8,4,3,332,0.0015077919961186126,744439808,0.5546875
cifar10,pruning,0.8,4,3,333,0.001513374998467043,744439808,0.4296875
cifar10,pruning,0.8,4,3,334,0.0016017500020097941,744439808,0.453125
cifar10,pruning,0.8,4,3,335,0.0016119999927468598,744439808,0.4765625
cifar10,pruning,0.8,4,3,336,0.0016065840027295053,744439808,0.4375
cifar10,pruning,0.8,4,3,337,0.0016110830038087443,744439808,0.4453125
cifar10,pruning,0.8,4,3,338,0.0015874590026214719,744439808,0.40625
cifar10,pruning,0.8,4,3,339,0.0015134580025915056,744439808,0.5390625
cifar10,pruning,0.8,4,3,340,0.0016403749905293807,744439808,0.4765625
cifar10,pruning,0.8,4,3,341,0.0016184159903787076,744439808,0.5078125
cifar10,pruning,0.8,4,3,342,0.0016044999938458204,744439808,0.421875
cifar10,pruning,0.8,4,3,343,0.0015949580119922757,744439808,0.390625
cifar10,pruning,0.8,4,3,344,0.001592417000210844,744439808,0.4375
cifar10,pruning,0.8,4,3,345,0.0015932499954942614,744439808,0.5234375
cifar10,pruning,0.8,4,3,346,0.0016417500009993091,744439808,0.40625
cifar10,pruning,0.8,4,3,347,0.0016315829998347908,744439808,0.484375
cifar10,pruning,0.8,4,3,348,0.0016142500098794699,744439808,0.4296875
cifar10,pruning,0.8,4,3,349,0.0016551669978071004,744439808,0.4296875
cifar10,pruning,0.8,4,3,350,0.0016236660012509674,744439808,0.5
cifar10,pruning,0.8,4,3,351,0.0015607910027028993,744439808,0.421875
cifar10,pruning,0.8,4,3,352,0.0015053340030135587,744439808,0.5234375
cifar10,pruning,0.8,4,3,353,0.0016374170081689954,744439808,0.515625
cifar10,pruning,0.8,4,3,354,0.0015940419980324805,744439808,0.5234375
cifar10,pruning,0.8,4,3,355,0.0016052909923018888,744439808,0.421875
cifar10,pruning,0.8,4,3,356,0.0016202910046558827,744439808,0.4609375
cifar10,pruning,0.8,4,3,357,0.0016222919948631898,744439808,0.4765625
cifar10,pruning,0.8,4,3,358,0.0015287080022972077,744439808,0.5
cifar10,pruning,0.8,4,3,359,0.0016107080009533092,744439808,0.4921875
cifar10,pruning,0.8,4,3,360,0.0015558339946437627,744439808,0.4921875
cifar10,pruning,0.8,4,3,361,0.0015077500138431787,744439808,0.484375
cifar10,pruning,0.8,4,3,362,0.0016215000068768859,744439808,0.3828125
cifar10,pruning,0.8,4,3,363,0.0016180000093299896,744439808,0.4609375
cifar10,pruning,0.8,4,3,364,0.0016233749920502305,744439808,0.4921875
cifar10,pruning,0.8,4,3,365,0.001614124994375743,744456192,0.4609375
cifar10,pruning,0.8,4,3,366,0.0016166249988600612,744456192,0.3984375
cifar10,pruning,0.8,4,3,367,0.0015507920033996925,744456192,0.421875
cifar10,pruning,0.8,4,3,368,0.0015181249909801409,744456192,0.4375
cifar10,pruning,0.8,4,3,369,0.0016148339927894995,744456192,0.4921875
cifar10,pruning,0.8,4,3,370,0.0016149579896591604,744456192,0.5
cifar10,pruning,0.8,4,3,371,0.001627416000701487,744456192,0.46875
cifar10,pruning,0.8,4,3,372,0.0016101249930216,744456192,0.421875
cifar10,pruning,0.8,4,3,373,0.0016153749893419445,744456192,0.4609375
cifar10,pruning,0.8,4,3,374,0.0015509160002693534,744456192,0.4609375
cifar10,pruning,0.8,4,3,375,0.0015085839986568317,744456192,0.453125
cifar10,pruning,0.8,4,3,376,0.0016147919959621504,744456192,0.4765625
cifar10,pruning,0.8,4,3,377,0.0016594170010648668,744456192,0.390625
cifar10,pruning,0.8,4,3,378,0.0015981670003384352,744456192,0.4765625
cifar10,pruning,0.8,4,3,379,0.001619084010599181,744472576,0.484375
cifar10,pruning,0.8,4,3,380,0.0016100840002764016,744472576,0.5234375
cifar10,pruning,0.8,4,3,381,0.0015155839937506244,744472576,0.4609375
cifar10,pruning,0.8,4,3,382,0.0016065420059021562,744472576,0.3984375
cifar10,pruning,0.8,4,3,383,0.0015546670038020238,744472576,0.5078125
cifar10,pruning,0.8,4,3,384,0.0015286249981727451,744472576,0.546875
cifar10,pruning,0.8,4,3,385,0.001610208986676298,744472576,0.46875
cifar10,pruning,0.8,4,3,386,0.0016098339983727783,744472576,0.484375
cifar10,pruning,0.8,4,3,387,0.0016269579937215894,744472576,0.46875
cifar10,pruning,0.8,4,3,388,0.0015414579975185916,744488960,0.578125
cifar10,pruning,0.8,4,3,389,0.0016224159917328507,744488960,0.421875
cifar10,pruning,0.8,4,3,390,0.0012657909974223003,745193472,0.5625
