dataset,model,keep_ratio,seed,epoch,batch,backward_time_s,memory_bytes,batch_accuracy
svhn,ssb-v1,0.2,9,1,0,0.03534949998720549,714850304,0.125
svhn,ssb-v1,0.2,9,1,1,0.02600545799941756,734724096,0.1328125
svhn,ssb-v1,0.2,9,1,2,0.018758957972750068,741015552,0.1796875
svhn,ssb-v1,0.2,9,1,3,0.02318474999628961,747094016,0.1875
svhn,ssb-v1,0.2,9,1,4,0.019014917023014277,752140288,0.1640625
svhn,ssb-v1,0.2,9,1,5,0.012869124999269843,755744768,0.1484375
svhn,ssb-v1,0.2,9,1,6,0.018648959026904777,761020416,0.0546875
svhn,ssb-v1,0.2,9,1,7,0.02304079197347164,766771200,0.0625
svhn,ssb-v1,0.2,9,1,8,0.01851925000664778,771653632,0.140625
svhn,ssb-v1,0.2,9,1,9,0.013718250003876165,775258112,0.1484375
svhn,ssb-v1,0.2,9,1,10,0.018565750011475757,780435456,0.078125
svhn,ssb-v1,0.2,9,1,11,0.017794790997868404,784859136,0.15625
svhn,ssb-v1,0.2,9,1,12,0.018587500002468005,790888448,0.109375
svhn,ssb-v1,0.2,9,1,13,0.012755500007187948,793804800,0.078125
svhn,ssb-v1,0.2,9,1,14,0.013894625008106232,796295168,0.1171875
svhn,ssb-v1,0.2,9,1,15,0.013280209008371457,801275904,0.1015625
svhn,ssb-v1,0.2,9,1,16,0.013006916997255757,805322752,0.0859375
svhn,ssb-v1,0.2,9,1,17,0.013177707995055243,807993344,0.078125
svhn,ssb-v1,0.2,9,1,18,0.012916249979753047,811024384,0.0390625
svhn,ssb-v1,0.2,9,1,19,0.01288550000754185,814465024,0.078125
svhn,ssb-v1,0.2,9,1,20,0.008618583000497892,816005120,0.0625
svhn,ssb-v1,0.2,9,1,21,0.017653125018114224,819724288,0.078125
svhn,ssb-v1,0.2,9,1,22,0.013467625016346574,822984704,0.1640625
svhn,ssb-v1,0.2,9,1,23,0.009263624990126118,824819712,0.1171875
svhn,ssb-v1,0.2,9,1,24,0.018986666982527822,828932096,0.09375
svhn,ssb-v1,0.2,9,1,25,0.008569041005102918,831111168,0.09375
svhn,ssb-v1,0.2,9,1,26,0.008374666009331122,832454656,0.1796875
svhn,ssb-v1,0.2,9,1,27,0.010318999993614852,834715648,0.0703125
svhn,ssb-v1,0.2,9,1,28,0.018176208017393947,838615040,0.1484375
svhn,ssb-v1,0.2,9,1,29,0.014248166990000755,842334208,0.15625
svhn,ssb-v1,0.2,9,1,30,0.003339415998198092,842350592,0.09375
svhn,ssb-v1,0.2,9,1,31,0.018715041980613023,845791232,0.0546875
svhn,ssb-v1,0.2,9,1,32,0.013185666990466416,848232448,0.09375
svhn,ssb-v1,0.2,9,1,33,0.0038601660053245723,848625664,0.109375
svhn,ssb-v1,0.2,9,1,34,0.008707250002771616,850509824,0.078125
svhn,ssb-v1,0.2,9,1,35,0.013030417001573369,853639168,0.0703125
svhn,ssb-v1,0.2,9,1,36,0.008252833998994902,854736896,0.109375
svhn,ssb-v1,0.2,9,1,37,0.0034622079983819276,855670784,0.1015625
svhn,ssb-v1,0.2,9,1,38,0.018382499983999878,859471872,0.1171875
svhn,ssb-v1,0.2,9,1,39,0.003427457995712757,860864512,0.125
svhn,ssb-v1,0.2,9,1,40,0.018447375012328848,864108544,0.03125
svhn,ssb-v1,0.2,9,1,41,0.008308332995511591,867713024,0.03125
svhn,ssb-v1,0.2,9,1,42,0.00840091600548476,869220352,0.0859375
svhn,ssb-v1,0.2,9,1,43,0.013538541999878362,872366080,0.078125
svhn,ssb-v1,0.2,9,1,44,0.0133662500011269,875954176,0.0546875
svhn,ssb-v1,0.2,9,1,45,0.018687707983190194,879214592,0.0859375
svhn,ssb-v1,0.2,9,1,46,0.013293124997289851,882524160,0.0703125
svhn,ssb-v1,0.2,9,1,47,0.013657041010446846,886669312,0.1953125
svhn,ssb-v1,0.2,9,1,48,0.014137332997051999,890830848,0.140625
svhn,ssb-v1,0.2,9,1,49,0.003376834007212892,891125760,0.1328125
svhn,ssb-v1,0.2,9,1,50,0.008292125014122576,892256256,0.2109375
svhn,ssb-v1,0.2,9,1,51,0.00950824999017641,894582784,0.171875
svhn,ssb-v1,0.2,9,1,52,0.008778082992648706,896122880,0.1953125
svhn,ssb-v1,0.2,9,1,53,0.00334475000272505,896434176,0.203125
svhn,ssb-v1,0.2,9,1,54,0.009160125016933307,897925120,0.265625
svhn,ssb-v1,0.2,9,1,55,0.00865495900507085,899252224,0.09375
svhn,ssb-v1,0.2,9,1,56,0.009267583023756742,900825088,0.0703125
svhn,ssb-v1,0.2,9,1,57,0.008385875000385568,902266880,0.1171875
svhn,ssb-v1,0.2,9,1,58,0.04050775000359863,905527296,0.0546875
svhn,ssb-v1,0.2,9,1,59,0.005699291010387242,906035200,0.1640625
svhn,ssb-v1,0.2,9,1,60,0.020269000000553206,908853248,0.0390625
svhn,ssb-v1,0.2,9,1,61,0.01261091700871475,910688256,0.0546875
svhn,ssb-v1,0.2,9,1,62,0.01228475000243634,912343040,0.0859375
svhn,ssb-v1,0.2,9,1,63,0.01059720799094066,914538496,0.0546875
svhn,ssb-v1,0.2,9,1,64,0.003747415990801528,915341312,0.078125
svhn,ssb-v1,0.2,9,1,65,0.008895207982277498,916176896,0.0625
svhn,ssb-v1,0.2,9,1,66,0.00997458299389109,917585920,0.0546875
svhn,ssb-v1,0.2,9,1,67,0.008483875019010156,918421504,0.140625
svhn,ssb-v1,0.2,9,1,68,0.00974975002463907,919977984,0.09375
svhn,ssb-v1,0.2,9,1,69,0.0034450420062057674,920961024,0.09375
svhn,ssb-v1,0.2,9,1,70,0.003333875007228926,921157632,0.0703125
svhn,ssb-v1,0.2,9,1,71,0.003379916975973174,921157632,0.0859375
svhn,ssb-v1,0.2,9,1,72,0.010300666006514803,921993216,0.046875
svhn,ssb-v1,0.2,9,1,73,0.013533417019061744,923975680,0.1015625
svhn,ssb-v1,0.2,9,1,74,0.008630500000435859,925270016,0.078125
svhn,ssb-v1,0.2,9,1,75,0.003465791989583522,925597696,0.078125
svhn,ssb-v1,0.2,9,1,76,0.00853770799585618,926629888,0.1171875
svhn,ssb-v1,0.2,9,1,77,0.013487124990206212,930922496,0.1171875
svhn,ssb-v1,0.2,9,1,78,0.009857625002041459,932216832,0.0546875
svhn,ssb-v1,0.2,9,1,79,0.009389499988174066,934510592,0.0625
svhn,ssb-v1,0.2,9,1,80,0.003422667010454461,934510592,0.1796875
svhn,ssb-v1,0.2,9,1,81,0.008849541016388685,935723008,0.109375
svhn,ssb-v1,0.2,9,1,82,0.008232583000790328,936787968,0.109375
svhn,ssb-v1,0.2,9,1,83,0.003503084008116275,937721856,0.0703125
svhn,ssb-v1,0.2,9,1,84,0.008547833014745265,939753472,0.15625
svhn,ssb-v1,0.2,9,1,85,0.0034725419827736914,940195840,0.109375
svhn,ssb-v1,0.2,9,1,86,0.0033531249791849405,940523520,0.109375
svhn,ssb-v1,0.2,9,1,87,0.013485165982274339,942096384,0.0625
svhn,ssb-v1,0.2,9,1,88,0.004117040982237086,942325760,0.0703125
svhn,ssb-v1,0.2,9,1,89,0.008608916017692536,943226880,0.0859375
svhn,ssb-v1,0.2,9,1,90,0.013623374979943037,946421760,0.046875
svhn,ssb-v1,0.2,9,1,91,0.00842145798378624,948584448,0.09375
svhn,ssb-v1,0.2,9,1,92,0.003388415992958471,948961280,0.0703125
svhn,ssb-v1,0.2,9,1,93,0.0032365419901907444,948961280,0.0234375
svhn,ssb-v1,0.2,9,1,94,0.00337729201419279,949125120,0.09375
svhn,ssb-v1,0.2,9,1,95,0.003547415981302038,949927936,0.03125
svhn,ssb-v1,0.2,9,1,96,0.003410292003536597,949927936,0.1015625
svhn,ssb-v1,0.2,9,1,97,0.0033904589945450425,949927936,0.0546875
svhn,ssb-v1,0.2,9,1,98,0.009743167000124231,950747136,0.0703125
svhn,ssb-v1,0.2,9,1,99,0.0035046660050284117,950763520,0.140625
svhn,ssb-v1,0.2,9,1,100,0.008536166016710922,952090624,0.203125
svhn,ssb-v1,0.2,9,1,101,0.009005500003695488,953221120,0.0859375
svhn,ssb-v1,0.2,9,1,102,0.009084375022212043,954646528,0.1015625
svhn,ssb-v1,0.2,9,1,103,0.0033226250088773668,954646528,0.1328125
svhn,ssb-v1,0.2,9,1,104,0.0035046669945586473,954990592,0.1015625
svhn,ssb-v1,0.2,9,1,105,0.0032929580193012953,954990592,0.0625
svhn,ssb-v1,0.2,9,1,106,0.0032994170032907277,954990592,0.1875
svhn,ssb-v1,0.2,9,1,107,0.003431291988817975,954990592,0.2421875
svhn,ssb-v1,0.2,9,1,108,0.0033545409969519824,954990592,0.1875
svhn,ssb-v1,0.2,9,1,109,0.009559917001752183,955826176,0.21875
svhn,ssb-v1,0.2,9,1,110,0.0034226660209242254,955826176,0.1640625
svhn,ssb-v1,0.2,9,1,111,0.009201542008668184,958070784,0.1015625
svhn,ssb-v1,0.2,9,1,112,0.013605042011477053,959627264,0.0703125
svhn,ssb-v1,0.2,9,1,113,0.008639665989903733,961462272,0.0703125
svhn,ssb-v1,0.2,9,1,114,0.003386875003343448,961478656,0.0546875
svhn,ssb-v1,0.2,9,1,115,0.003380082984222099,962445312,0.0546875
svhn,ssb-v1,0.2,9,1,116,0.008864625007845461,963428352,0.0234375
svhn,ssb-v1,0.2,9,1,117,0.0033404590212740004,963674112,0.0625
svhn,ssb-v1,0.2,9,1,118,0.008706082997377962,964984832,0.0625
svhn,ssb-v1,0.2,9,1,119,0.0046585829986725,964984832,0.0703125
svhn,ssb-v1,0.2,9,1,120,0.0032371249981224537,964984832,0.078125
svhn,ssb-v1,0.2,9,1,121,0.0033882920106407255,965214208,0.1328125
svhn,ssb-v1,0.2,9,1,122,0.0032702910248190165,965214208,0.1015625
svhn,ssb-v1,0.2,9,1,123,0.009827540983678773,966426624,0.0625
svhn,ssb-v1,0.2,9,1,124,0.0032660000142641366,966737920,0.09375
svhn,ssb-v1,0.2,9,1,125,0.009072374989045784,967589888,0.0625
svhn,ssb-v1,0.2,9,1,126,0.0034464170166756958,967819264,0.1171875
svhn,ssb-v1,0.2,9,1,127,0.0033463750150986016,968376320,0.0625
svhn,ssb-v1,0.2,9,1,128,0.008550541999284178,969441280,0.0625
svhn,ssb-v1,0.2,9,1,129,0.003446541988523677,969441280,0.09375
svhn,ssb-v1,0.2,9,1,130,0.003417125000851229,969900032,0.0859375
svhn,ssb-v1,0.2,9,1,131,0.0033686670067254454,969900032,0.0859375
svhn,ssb-v1,0.2,9,1,132,0.0034256670041941106,969900032,0.1328125
svhn,ssb-v1,0.2,9,1,133,0.0032712090178392828,969900032,0.1640625
svhn,ssb-v1,0.2,9,1,134,0.003314833011245355,971390976,0.140625
svhn,ssb-v1,0.2,9,1,135,0.0032672920206096023,971390976,0.125
svhn,ssb-v1,0.2,9,1,136,0.009868749999441206,972308480,0.140625
svhn,ssb-v1,0.2,9,1,137,0.0034735829976852983,972308480,0.1484375
svhn,ssb-v1,0.2,9,1,138,0.0033920829882845283,972308480,0.1015625
svhn,ssb-v1,0.2,9,1,139,0.00876108297961764,973062144,0.0546875
svhn,ssb-v1,0.2,9,1,140,0.008521250012563542,974307328,0.046875
svhn,ssb-v1,0.2,9,1,141,0.004139041993767023,975683584,0.15625
svhn,ssb-v1,0.2,9,1,142,0.003361125010997057,975683584,0.09375
svhn,ssb-v1,0.2,9,1,143,0.008904375019483268,976470016,0.0703125
svhn,ssb-v1,0.2,9,1,144,0.008512582979165018,977649664,0.1171875
svhn,ssb-v1,0.2,9,1,145,0.004473583016078919,978026496,0.0078125
svhn,ssb-v1,0.2,9,1,146,0.0032764580100774765,978698240,0.1015625
svhn,ssb-v1,0.2,9,1,147,0.008666457986691967,979566592,0.140625
svhn,ssb-v1,0.2,9,1,148,0.0032510419841855764,979566592,0.1640625
svhn,ssb-v1,0.2,9,1,149,0.009720708010718226,980598784,0.109375
svhn,ssb-v1,0.2,9,1,150,0.003926375007722527,980598784,0.09375
svhn,ssb-v1,0.2,9,1,151,0.021187417005421594,982515712,0.1875
svhn,ssb-v1,0.2,9,1,152,0.004642125015379861,983040000,0.15625
svhn,ssb-v1,0.2,9,1,153,0.00401783300912939,983056384,0.0625
svhn,ssb-v1,0.2,9,1,154,0.003519417019560933,983089152,0.046875
svhn,ssb-v1,0.2,9,1,155,0.003368415986187756,984465408,0.0390625
svhn,ssb-v1,0.2,9,1,156,0.0033077499829232693,984465408,0.0546875
svhn,ssb-v1,0.2,9,1,157,0.0034199590154457837,984465408,0.0390625
svhn,ssb-v1,0.2,9,1,158,0.003416916006244719,984481792,0.078125
svhn,ssb-v1,0.2,9,1,159,0.003395292005734518,984498176,0.109375
svhn,ssb-v1,0.2,9,1,160,0.003377207991434261,984498176,0.1015625
svhn,ssb-v1,0.2,9,1,161,0.003381707996595651,984498176,0.0625
svhn,ssb-v1,0.2,9,1,162,0.010061374981887639,985415680,0.1171875
svhn,ssb-v1,0.2,9,1,163,0.003547625005012378,985415680,0.078125
svhn,ssb-v1,0.2,9,1,164,0.009633834008127451,986120192,0.1015625
svhn,ssb-v1,0.2,9,1,165,0.003476999991107732,987021312,0.1640625
svhn,ssb-v1,0.2,9,1,166,0.0032929170120041817,987021312,0.1171875
svhn,ssb-v1,0.2,9,1,167,0.0033344999828841537,987021312,0.109375
svhn,ssb-v1,0.2,9,1,168,0.0035711670061573386,987578368,0.1171875
svhn,ssb-v1,0.2,9,1,169,0.003402458009077236,987578368,0.109375
svhn,ssb-v1,0.2,9,1,170,0.00339145798352547,987578368,0.09375
svhn,ssb-v1,0.2,9,1,171,0.009669583989307284,988446720,0.078125
svhn,ssb-v1,0.2,9,1,172,0.0033980000007431954,988446720,0.1796875
svhn,ssb-v1,0.2,9,1,173,0.003373707993887365,988446720,0.1328125
svhn,ssb-v1,0.2,9,1,174,0.009023791993968189,989675520,0.1796875
svhn,ssb-v1,0.2,9,1,175,0.0038292079989332706,990265344,0.1953125
svhn,ssb-v1,0.2,9,1,176,0.003276499977800995,990265344,0.15625
svhn,ssb-v1,0.2,9,1,177,0.003411124984268099,990265344,0.171875
svhn,ssb-v1,0.2,9,1,178,0.0033999999868683517,990265344,0.1328125
svhn,ssb-v1,0.2,9,1,179,0.003429333009989932,990265344,0.2265625
svhn,ssb-v1,0.2,9,1,180,0.0035172920033801347,990281728,0.2109375
svhn,ssb-v1,0.2,9,1,181,0.009898500022245571,991133696,0.265625
svhn,ssb-v1,0.2,9,1,182,0.008725916995899752,992215040,0.203125
svhn,ssb-v1,0.2,9,1,183,0.003939125017495826,993689600,0.125
svhn,ssb-v1,0.2,9,1,184,0.003460542007815093,993820672,0.1875
svhn,ssb-v1,0.2,9,1,185,0.003289125015726313,993820672,0.140625
svhn,ssb-v1,0.2,9,1,186,0.0033330830046907067,993820672,0.1015625
svhn,ssb-v1,0.2,9,1,187,0.0033704169909469783,993820672,0.0859375
svhn,ssb-v1,0.2,9,1,188,0.003311792010208592,993820672,0.15625
svhn,ssb-v1,0.2,9,1,189,0.009922708006342873,994672640,0.09375
svhn,ssb-v1,0.2,9,1,190,0.005332166998414323,998522880,0.109375
svhn,ssb-v1,0.2,9,1,191,0.0037198750069364905,998850560,0.0859375
svhn,ssb-v1,0.2,9,1,192,0.004082583996932954,998850560,0.0546875
svhn,ssb-v1,0.2,9,1,193,0.004631458985386416,998850560,0.046875
svhn,ssb-v1,0.2,9,1,194,0.007023957994533703,998850560,0.046875
svhn,ssb-v1,0.2,9,1,195,0.004116083990084007,999948288,0.09375
svhn,ssb-v1,0.2,9,1,196,0.0035894169996026903,999948288,0.0859375
svhn,ssb-v1,0.2,9,1,197,0.00334100000327453,999948288,0.0859375
svhn,ssb-v1,0.2,9,1,198,0.003362166986335069,1000325120,0.0859375
svhn,ssb-v1,0.2,9,1,199,0.0033691660210024565,1000325120,0.078125
svhn,ssb-v1,0.2,9,1,200,0.010154832998523489,1001308160,0.0625
svhn,ssb-v1,0.2,9,1,201,0.0033302499796263874,1001308160,0.0625
svhn,ssb-v1,0.2,9,1,202,0.0034132500004488975,1001783296,0.078125
svhn,ssb-v1,0.2,9,1,203,0.003295416012406349,1001783296,0.078125
svhn,ssb-v1,0.2,9,1,204,0.009720583009766415,1002586112,0.046875
svhn,ssb-v1,0.2,9,1,205,0.008605624985648319,1003634688,0.078125
svhn,ssb-v1,0.2,9,1,206,0.008459624979877844,1005027328,0.0546875
svhn,ssb-v1,0.2,9,1,207,0.008602832996984944,1006436352,0.0546875
svhn,ssb-v1,0.2,9,1,208,0.0034359589917585254,1006436352,0.1328125
svhn,ssb-v1,0.2,9,1,209,0.009031209017848596,1007353856,0.1640625
svhn,ssb-v1,0.2,9,1,210,0.00340737501392141,1007353856,0.140625
svhn,ssb-v1,0.2,9,1,211,0.003298499999800697,1007353856,0.15625
svhn,ssb-v1,0.2,9,1,212,0.003423124988330528,1007353856,0.1953125
svhn,ssb-v1,0.2,9,1,213,0.0033105830079875886,1007353856,0.203125
svhn,ssb-v1,0.2,9,1,214,0.0033599579764995724,1008222208,0.171875
svhn,ssb-v1,0.2,9,1,215,0.0033087079937104136,1009762304,0.21875
svhn,ssb-v1,0.2,9,1,216,0.0033550839871168137,1009762304,0.203125
svhn,ssb-v1,0.2,9,1,217,0.0033340000081807375,1009762304,0.1953125
svhn,ssb-v1,0.2,9,1,218,0.003366707998793572,1009762304,0.203125
svhn,ssb-v1,0.2,9,1,219,0.0032609170011710376,1009762304,0.265625
svhn,ssb-v1,0.2,9,1,220,0.00945908299763687,1010630656,0.1796875
svhn,ssb-v1,0.2,9,1,221,0.0033718750055413693,1010892800,0.2734375
svhn,ssb-v1,0.2,9,1,222,0.0034072499838657677,1010892800,0.1953125
svhn,ssb-v1,0.2,9,1,223,0.0034336250100750476,1010909184,0.109375
svhn,ssb-v1,0.2,9,1,224,0.003467250004177913,1010909184,0.140625
svhn,ssb-v1,0.2,9,1,225,0.00983737499336712,1011712000,0.171875
svhn,ssb-v1,0.2,9,1,226,0.0033817080256994814,1012039680,0.1796875
svhn,ssb-v1,0.2,9,1,227,0.0034385409962851554,1012891648,0.0703125
svhn,ssb-v1,0.2,9,1,228,0.003292624984169379,1012891648,0.0703125
svhn,ssb-v1,0.2,9,1,229,0.0033425409928895533,1012891648,0.15625
svhn,ssb-v1,0.2,9,1,230,0.003306917002191767,1012891648,0.1484375
svhn,ssb-v1,0.2,9,1,231,0.0033632920240052044,1012891648,0.1484375
svhn,ssb-v1,0.2,9,1,232,0.01011649999418296,1013727232,0.15625
svhn,ssb-v1,0.2,9,1,233,0.0032364579965360463,1013727232,0.109375
svhn,ssb-v1,0.2,9,1,234,0.003271958004916087,1014218752,0.171875
svhn,ssb-v1,0.2,9,1,235,0.003362084011314437,1014218752,0.125
svhn,ssb-v1,0.2,9,1,236,0.003331457992317155,1014218752,0.1015625
svhn,ssb-v1,0.2,9,1,237,0.0033099169959314167,1014218752,0.09375
svhn,ssb-v1,0.2,9,1,238,0.003391832986380905,1014480896,0.0546875
svhn,ssb-v1,0.2,9,1,239,0.0033242920180782676,1014480896,0.0625
svhn,ssb-v1,0.2,9,1,240,0.003284083999460563,1014480896,0.0390625
svhn,ssb-v1,0.2,9,1,241,0.003339291986776516,1014480896,0.1640625
svhn,ssb-v1,0.2,9,1,242,0.0034562500077299774,1014480896,0.1875
svhn,ssb-v1,0.2,9,1,243,0.0033157080179080367,1014480896,0.1171875
svhn,ssb-v1,0.2,9,1,244,0.0034003329928964376,1014497280,0.0390625
svhn,ssb-v1,0.2,9,1,245,0.00332737501594238,1014497280,0.03125
svhn,ssb-v1,0.2,9,1,246,0.010416457982501015,1015234560,0.078125
svhn,ssb-v1,0.2,9,1,247,0.008752416993957013,1016365056,0.0546875
svhn,ssb-v1,0.2,9,1,248,0.003347624995512888,1016709120,0.078125
svhn,ssb-v1,0.2,9,1,249,0.00331445800838992,1016709120,0.0859375
svhn,ssb-v1,0.2,9,1,250,0.00331370800267905,1016725504,0.0625
svhn,ssb-v1,0.2,9,1,251,0.0033975830010604113,1016725504,0.0625
svhn,ssb-v1,0.2,9,1,252,0.0033215830044355243,1016741888,0.0546875
svhn,ssb-v1,0.2,9,1,253,0.003427124989684671,1016741888,0.046875
svhn,ssb-v1,0.2,9,1,254,0.0032239159918390214,1016741888,0.0546875
svhn,ssb-v1,0.2,9,1,255,0.009674707980593666,1017610240,0.0625
svhn,ssb-v1,0.2,9,1,256,0.0033251249988097697,1018068992,0.046875
svhn,ssb-v1,0.2,9,1,257,0.0032842079817783087,1018068992,0.0703125
svhn,ssb-v1,0.2,9,1,258,0.009264125023037195,1018757120,0.0390625
svhn,ssb-v1,0.2,9,1,259,0.008744249993469566,1019871232,0.078125
svhn,ssb-v1,0.2,9,1,260,0.0033098330022767186,1020100608,0.0546875
svhn,ssb-v1,0.2,9,1,261,0.0034004579938482493,1021607936,0.046875
svhn,ssb-v1,0.2,9,1,262,0.003344833996379748,1022197760,0.0546875
svhn,ssb-v1,0.2,9,1,263,0.009511958982329816,1023049728,0.0625
svhn,ssb-v1,0.2,9,1,264,0.0033935420215129852,1023180800,0.078125
svhn,ssb-v1,0.2,9,1,265,0.003367958008311689,1023180800,0.0703125
svhn,ssb-v1,0.2,9,1,266,0.003399250010261312,1023180800,0.1171875
svhn,ssb-v1,0.2,9,1,267,0.003337582980748266,1023787008,0.0546875
svhn,ssb-v1,0.2,9,1,268,0.003244583000196144,1023787008,0.1015625
svhn,ssb-v1,0.2,9,1,269,0.009759542008396238,1024589824,0.0390625
svhn,ssb-v1,0.2,9,1,270,0.0034170419967267662,1024884736,0.0625
svhn,ssb-v1,0.2,9,1,271,0.0033449579786974937,1024884736,0.109375
svhn,ssb-v1,0.2,9,1,272,0.003268333006417379,1025310720,0.078125
svhn,ssb-v1,0.2,9,1,273,0.003427832998568192,1025310720,0.140625
svhn,ssb-v1,0.2,9,1,274,0.010215749993221834,1026146304,0.1875
svhn,ssb-v1,0.2,9,1,275,0.0034161669900640845,1026146304,0.1171875
svhn,ssb-v1,0.2,9,1,276,0.0033692919823806733,1026146304,0.09375
svhn,ssb-v1,0.2,9,1,277,0.00918820800143294,1027031040,0.0625
svhn,ssb-v1,0.2,9,1,278,0.0033424579887650907,1027309568,0.078125
svhn,ssb-v1,0.2,9,1,279,0.0033557919960003346,1027309568,0.1015625
svhn,ssb-v1,0.2,9,1,280,0.0032746249926276505,1027473408,0.0546875
svhn,ssb-v1,0.2,9,1,281,0.003424208000069484,1027473408,0.03125
svhn,ssb-v1,0.2,9,1,282,0.0033417499798815697,1027489792,0.09375
svhn,ssb-v1,0.2,9,1,283,0.0033399579988326877,1027489792,0.171875
svhn,ssb-v1,0.2,9,1,284,0.0033993329852819443,1028194304,0.1796875
svhn,ssb-v1,0.2,9,1,285,0.0033598750014789402,1028194304,0.0546875
svhn,ssb-v1,0.2,9,1,286,0.00978654099162668,1029079040,0.203125
svhn,ssb-v1,0.2,9,1,287,0.0033063750015571713,1029095424,0.1796875
svhn,ssb-v1,0.2,9,1,288,0.0032354169816244394,1029472256,0.2109375
svhn,ssb-v1,0.2,9,1,289,0.003218999976525083,1029472256,0.078125
svhn,ssb-v1,0.2,9,1,290,0.003326667007058859,1029505024,0.1171875
svhn,ssb-v1,0.2,9,1,291,0.0034204580006189644,1029816320,0.109375
svhn,ssb-v1,0.2,9,1,292,0.003327084006741643,1029816320,0.09375
svhn,ssb-v1,0.2,9,1,293,0.003349500009790063,1029816320,0.109375
svhn,ssb-v1,0.2,9,1,294,0.0033427500165998936,1029816320,0.0546875
svhn,ssb-v1,0.2,9,1,295,0.0033316249900963157,1029816320,0.0859375
svhn,ssb-v1,0.2,9,1,296,0.003370666003320366,1029816320,0.0703125
svhn,ssb-v1,0.2,9,1,297,0.003288999985670671,1029816320,0.1484375
svhn,ssb-v1,0.2,9,1,298,0.0034558750048745424,1029816320,0.15625
svhn,ssb-v1,0.2,9,1,299,0.0033122920140158385,1029816320,0.15625
svhn,ssb-v1,0.2,9,1,300,0.0033170829992741346,1029816320,0.0859375
svhn,ssb-v1,0.2,9,1,301,0.0032827089889906347,1029832704,0.1171875
svhn,ssb-v1,0.2,9,1,302,0.0033159999875351787,1029832704,0.078125
svhn,ssb-v1,0.2,9,1,303,0.003409957978874445,1029832704,0.1171875
svhn,ssb-v1,0.2,9,1,304,0.003370583988726139,1029832704,0.140625
svhn,ssb-v1,0.2,9,1,305,0.0034067500091623515,1029832704,0.0625
svhn,ssb-v1,0.2,9,1,306,0.010460457997396588,1030782976,0.125
svhn,ssb-v1,0.2,9,1,307,0.003337500005727634,1030782976,0.125
svhn,ssb-v1,0.2,9,1,308,0.008743999991565943,1031651328,0.0625
svhn,ssb-v1,0.2,9,1,309,0.0033933750237338245,1032093696,0.09375
svhn,ssb-v1,0.2,9,1,310,0.003372000006493181,1032093696,0.171875
svhn,ssb-v1,0.2,9,1,311,0.00336941602290608,1032093696,0.0703125
svhn,ssb-v1,0.2,9,1,312,0.0034032909898087382,1032093696,0.109375
svhn,ssb-v1,0.2,9,1,313,0.0032920830126386136,1032093696,0.078125
svhn,ssb-v1,0.2,9,1,314,0.010933957993984222,1032929280,0.1015625
svhn,ssb-v1,0.2,9,1,315,0.003810583002632484,1033175040,0.046875
svhn,ssb-v1,0.2,9,1,316,0.00922595799784176,1034158080,0.03125
svhn,ssb-v1,0.2,9,1,317,0.008776542003033683,1035862016,0.0703125
svhn,ssb-v1,0.2,9,1,318,0.003468915994744748,1037385728,0.09375
svhn,ssb-v1,0.2,9,1,319,0.0032395829912275076,1037762560,0.0859375
svhn,ssb-v1,0.2,9,1,320,0.003339791001053527,1037778944,0.078125
svhn,ssb-v1,0.2,9,1,321,0.003379832982318476,1037778944,0.078125
svhn,ssb-v1,0.2,9,1,322,0.010891334008192644,1038581760,0.1015625
svhn,ssb-v1,0.2,9,1,323,0.014131834002910182,1040580608,0.1171875
svhn,ssb-v1,0.2,9,1,324,0.003256458992836997,1041317888,0.1328125
svhn,ssb-v1,0.2,9,1,325,0.0035027909907512367,1041317888,0.0703125
svhn,ssb-v1,0.2,9,1,326,0.00900558300781995,1042137088,0.1484375
svhn,ssb-v1,0.2,9,1,327,0.003447874973062426,1042366464,0.09375
svhn,ssb-v1,0.2,9,1,328,0.003319834009744227,1043415040,0.1171875
svhn,ssb-v1,0.2,9,1,329,0.0033930000208783895,1043972096,0.109375
svhn,ssb-v1,0.2,9,1,330,0.003317750000860542,1043972096,0.109375
svhn,ssb-v1,0.2,9,1,331,0.010323499998776242,1044742144,0.1328125
svhn,ssb-v1,0.2,9,1,332,0.0032875420001801103,1045217280,0.125
svhn,ssb-v1,0.2,9,1,333,0.0034038750163745135,1045217280,0.1484375
svhn,ssb-v1,0.2,9,1,334,0.003498707985272631,1045446656,0.078125
svhn,ssb-v1,0.2,9,1,335,0.0033300829818472266,1045446656,0.1015625
svhn,ssb-v1,0.2,9,1,336,0.0034992920118384063,1045495808,0.1171875
svhn,ssb-v1,0.2,9,1,337,0.003488167014438659,1045495808,0.0625
svhn,ssb-v1,0.2,9,1,338,0.003379208006663248,1045495808,0.0546875
svhn,ssb-v1,0.2,9,1,339,0.0034000409941654652,1045495808,0.015625
svhn,ssb-v1,0.2,9,1,340,0.0034047079971060157,1045495808,0.0546875
svhn,ssb-v1,0.2,9,1,341,0.0033844589779619128,1045495808,0.09375
svhn,ssb-v1,0.2,9,1,342,0.0033216669980902225,1045495808,0.1484375
svhn,ssb-v1,0.2,9,1,343,0.003385916003026068,1045495808,0.1953125
svhn,ssb-v1,0.2,9,1,344,0.0033471659990027547,1045495808,0.2109375
svhn,ssb-v1,0.2,9,1,345,0.003360499977134168,1045495808,0.2734375
svhn,ssb-v1,0.2,9,1,346,0.0033783330000005662,1045495808,0.203125
svhn,ssb-v1,0.2,9,1,347,0.0032911250018514693,1045495808,0.203125
svhn,ssb-v1,0.2,9,1,348,0.0033867500023916364,1045495808,0.140625
svhn,ssb-v1,0.2,9,1,349,0.010578416986390948,1046364160,0.0859375
svhn,ssb-v1,0.2,9,1,350,0.0033039159898180515,1046364160,0.0859375
svhn,ssb-v1,0.2,9,1,351,0.0034474999993108213,1046757376,0.0859375
svhn,ssb-v1,0.2,9,1,352,0.003406083007575944,1046757376,0.1015625
svhn,ssb-v1,0.2,9,1,353,0.0032142919953912497,1046757376,0.046875
svhn,ssb-v1,0.2,9,1,354,0.003430709009990096,1047117824,0.0546875
svhn,ssb-v1,0.2,9,1,355,0.0033886250166688114,1047117824,0.0703125
svhn,ssb-v1,0.2,9,1,356,0.00973925000289455,1047855104,0.0703125
svhn,ssb-v1,0.2,9,1,357,0.0034199170186184347,1047937024,0.046875
svhn,ssb-v1,0.2,9,1,358,0.00330174999544397,1048608768,0.0703125
svhn,ssb-v1,0.2,9,1,359,0.003312000015284866,1048625152,0.0546875
svhn,ssb-v1,0.2,9,1,360,0.003219334001187235,1048625152,0.0859375
svhn,ssb-v1,0.2,9,1,361,0.00340416599647142,1048625152,0.0625
svhn,ssb-v1,0.2,9,1,362,0.0031282500131055713,1048625152,0.171875
svhn,ssb-v1,0.2,9,1,363,0.0033352920145262033,1048625152,0.1484375
svhn,ssb-v1,0.2,9,1,364,0.003392415994312614,1048625152,0.1015625
svhn,ssb-v1,0.2,9,1,365,0.003419832995859906,1048641536,0.1875
svhn,ssb-v1,0.2,9,1,366,0.003429125004913658,1048641536,0.1640625
svhn,ssb-v1,0.2,9,1,367,0.0033734579919837415,1048641536,0.125
svhn,ssb-v1,0.2,9,1,368,0.003315667010610923,1048641536,0.125
svhn,ssb-v1,0.2,9,1,369,0.0032869580027181655,1048641536,0.125
svhn,ssb-v1,0.2,9,1,370,0.003414667007746175,1048641536,0.0703125
svhn,ssb-v1,0.2,9,1,371,0.0033407080045435578,1048641536,0.0859375
svhn,ssb-v1,0.2,9,1,372,0.003407792013604194,1048592384,0.15625
svhn,ssb-v1,0.2,9,1,373,0.010589499986963347,1049460736,0.078125
svhn,ssb-v1,0.2,9,1,374,0.00339766702381894,1049460736,0.0625
svhn,ssb-v1,0.2,9,1,375,0.003353666979819536,1049509888,0.109375
svhn,ssb-v1,0.2,9,1,376,0.0034054590214509517,1049509888,0.234375
svhn,ssb-v1,0.2,9,1,377,0.0034637080098036677,1049673728,0.2109375
svhn,ssb-v1,0.2,9,1,378,0.0032752910046838224,1049673728,0.1953125
svhn,ssb-v1,0.2,9,1,379,0.0033450420014560223,1049673728,0.1953125
svhn,ssb-v1,0.2,9,1,380,0.0034120409982278943,1049673728,0.203125
svhn,ssb-v1,0.2,9,1,381,0.003403042006539181,1049673728,0.15625
svhn,ssb-v1,0.2,9,1,382,0.003455291996942833,1049673728,0.21875
svhn,ssb-v1,0.2,9,1,383,0.003238540986785665,1049673728,0.0625
svhn,ssb-v1,0.2,9,1,384,0.0033408750023227185,1049673728,0.03125
svhn,ssb-v1,0.2,9,1,385,0.003333500004373491,1049673728,0.09375
svhn,ssb-v1,0.2,9,1,386,0.003369458980159834,1049673728,0.0546875
svhn,ssb-v1,0.2,9,1,387,0.0033147080102935433,1049673728,0.0625
svhn,ssb-v1,0.2,9,1,388,0.0033678750041872263,1049673728,0.1953125
svhn,ssb-v1,0.2,9,1,389,0.0033353749895468354,1049673728,0.171875
svhn,ssb-v1,0.2,9,1,390,0.0033917090040631592,1049673728,0.1640625
svhn,ssb-v1,0.2,9,1,391,0.0033587910002097487,1049673728,0.0390625
svhn,ssb-v1,0.2,9,1,392,0.0033257910108659416,1049673728,0.21875
svhn,ssb-v1,0.2,9,1,393,0.009999541012803093,1050476544,0.109375
svhn,ssb-v1,0.2,9,1,394,0.0034241249959450215,1050476544,0.0859375
svhn,ssb-v1,0.2,9,1,395,0.0033477499964646995,1050476544,0.09375
svhn,ssb-v1,0.2,9,1,396,0.009070000000065193,1051197440,0.046875
svhn,ssb-v1,0.2,9,1,397,0.0035252910165581852,1051230208,0.0625
svhn,ssb-v1,0.2,9,1,398,0.0034410000080242753,1051607040,0.0625
svhn,ssb-v1,0.2,9,1,399,0.009197917010169476,1052852224,0.1015625
svhn,ssb-v1,0.2,9,1,400,0.003198332997271791,1052852224,0.0546875
svhn,ssb-v1,0.2,9,1,401,0.0033376250066794455,1052884992,0.078125
svhn,ssb-v1,0.2,9,1,402,0.003328000020701438,1052901376,0.0859375
svhn,ssb-v1,0.2,9,1,403,0.003340959025081247,1053376512,0.09375
svhn,ssb-v1,0.2,9,1,404,0.0032979999959934503,1053376512,0.171875
svhn,ssb-v1,0.2,9,1,405,0.003378041001269594,1053376512,0.171875
svhn,ssb-v1,0.2,9,1,406,0.0034262910194229335,1053376512,0.203125
svhn,ssb-v1,0.2,9,1,407,0.0033052499929908663,1053376512,0.1484375
svhn,ssb-v1,0.2,9,1,408,0.009905749990139157,1054212096,0.1640625
svhn,ssb-v1,0.2,9,1,409,0.0034659999946597964,1054474240,0.2109375
svhn,ssb-v1,0.2,9,1,410,0.003392999991774559,1054474240,0.2109375
svhn,ssb-v1,0.2,9,1,411,0.003380582988029346,1054769152,0.1875
svhn,ssb-v1,0.2,9,1,412,0.003104792005615309,1054785536,0.1640625
svhn,ssb-v1,0.2,9,1,413,0.0033972079982049763,1054785536,0.1796875
svhn,ssb-v1,0.2,9,1,414,0.009855292009888217,1055588352,0.140625
svhn,ssb-v1,0.2,9,1,415,0.004929707996780053,1056030720,0.1171875
svhn,ssb-v1,0.2,9,1,416,0.003835917013930157,1056374784,0.0546875
svhn,ssb-v1,0.2,9,1,417,0.0034011249954346567,1056374784,0.078125
svhn,ssb-v1,0.2,9,1,418,0.0033924999879673123,1056374784,0.140625
svhn,ssb-v1,0.2,9,1,419,0.0034787909826263785,1056374784,0.109375
svhn,ssb-v1,0.2,9,1,420,0.0033356250205542892,1056374784,0.078125
svhn,ssb-v1,0.2,9,1,421,0.003273083013482392,1056374784,0.1484375
svhn,ssb-v1,0.2,9,1,422,0.0033859579998534173,1056374784,0.1328125
svhn,ssb-v1,0.2,9,1,423,0.0033729170099832118,1056374784,0.09375
svhn,ssb-v1,0.2,9,1,424,0.0034151659929193556,1056374784,0.109375
svhn,ssb-v1,0.2,9,1,425,0.0032907089916989207,1056374784,0.1328125
svhn,ssb-v1,0.2,9,1,426,0.003347624995512888,1056374784,0.140625
svhn,ssb-v1,0.2,9,1,427,0.003350541985128075,1056374784,0.0859375
svhn,ssb-v1,0.2,9,1,428,0.003348250000271946,1056374784,0.125
svhn,ssb-v1,0.2,9,1,429,0.0033953340025618672,1056374784,0.1171875
svhn,ssb-v1,0.2,9,1,430,0.0033475839882157743,1056374784,0.1640625
svhn,ssb-v1,0.2,9,1,431,0.003295457980129868,1056374784,0.140625
svhn,ssb-v1,0.2,9,1,432,0.0033301660150755197,1056374784,0.15625
svhn,ssb-v1,0.2,9,1,433,0.0033465420128777623,1056374784,0.1484375
svhn,ssb-v1,0.2,9,1,434,0.003347792022395879,1056374784,0.09375
svhn,ssb-v1,0.2,9,1,435,0.0032590419868938625,1056374784,0.1328125
svhn,ssb-v1,0.2,9,1,436,0.010568291996605694,1057193984,0.1953125
svhn,ssb-v1,0.2,9,1,437,0.003400999994482845,1057701888,0.140625
svhn,ssb-v1,0.2,9,1,438,0.003420083987293765,1057701888,0.09375
svhn,ssb-v1,0.2,9,1,439,0.003298458002973348,1057701888,0.0625
svhn,ssb-v1,0.2,9,1,440,0.003358707996085286,1057947648,0.046875
svhn,ssb-v1,0.2,9,1,441,0.0033870420011226088,1057947648,0.046875
svhn,ssb-v1,0.2,9,1,442,0.003381125017767772,1057947648,0.0703125
svhn,ssb-v1,0.2,9,1,443,0.0034395420225337148,1057947648,0.0703125
svhn,ssb-v1,0.2,9,1,444,0.003346874989802018,1057947648,0.078125
svhn,ssb-v1,0.2,9,1,445,0.0034825839975383133,1057947648,0.0625
svhn,ssb-v1,0.2,9,1,446,0.003269125008955598,1057947648,0.0625
svhn,ssb-v1,0.2,9,1,447,0.0032584159926045686,1057947648,0.09375
svhn,ssb-v1,0.2,9,1,448,0.009884500002954155,1058816000,0.09375
svhn,ssb-v1,0.2,9,1,449,0.0034719579853117466,1059094528,0.1015625
svhn,ssb-v1,0.2,9,1,450,0.0033395840146113187,1059094528,0.109375
svhn,ssb-v1,0.2,9,1,451,0.009669332997873425,1059815424,0.1015625
svhn,ssb-v1,0.2,9,1,452,0.0033658329921308905,1059815424,0.0703125
svhn,ssb-v1,0.2,9,1,453,0.0035050839942414314,1059815424,0.0703125
svhn,ssb-v1,0.2,9,1,454,0.0032942919933702797,1059815424,0.0625
svhn,ssb-v1,0.2,9,1,455,0.003326292004203424,1060306944,0.078125
svhn,ssb-v1,0.2,9,1,456,0.0033848750172182918,1060945920,0.1796875
svhn,ssb-v1,0.2,9,1,457,0.003299667005194351,1060945920,0.1796875
svhn,ssb-v1,0.2,9,1,458,0.003290124994236976,1060945920,0.1875
svhn,ssb-v1,0.2,9,1,459,0.0033452500065322965,1060945920,0.1875
svhn,ssb-v1,0.2,9,1,460,0.010325332987122238,1061847040,0.1171875
svhn,ssb-v1,0.2,9,1,461,0.003348958009155467,1062174720,0.2109375
svhn,ssb-v1,0.2,9,1,462,0.0034622499952092767,1062174720,0.125
svhn,ssb-v1,0.2,9,1,463,0.0033879170077852905,1062174720,0.2734375
svhn,ssb-v1,0.2,9,1,464,0.003426334005780518,1062600704,0.171875
svhn,ssb-v1,0.2,9,1,465,0.010261582996463403,1063387136,0.140625
svhn,ssb-v1,0.2,9,1,466,0.004560832981951535,1063403520,0.2109375
svhn,ssb-v1,0.2,9,1,467,0.00347091699950397,1063403520,0.1796875
svhn,ssb-v1,0.2,9,1,468,0.0033968340139836073,1063403520,0.234375
svhn,ssb-v1,0.2,9,1,469,0.0033439160033594817,1063403520,0.171875
svhn,ssb-v1,0.2,9,1,470,0.0033416250080335885,1063813120,0.2421875
svhn,ssb-v1,0.2,9,1,471,0.0034587499976623803,1064124416,0.046875
svhn,ssb-v1,0.2,9,1,472,0.0033496670075692236,1064124416,0.140625
svhn,ssb-v1,0.2,9,1,473,0.0032175839878618717,1064124416,0.1484375
svhn,ssb-v1,0.2,9,1,474,0.0113654580200091,1064960000,0.140625
svhn,ssb-v1,0.2,9,1,475,0.003543792001437396,1065009152,0.0703125
svhn,ssb-v1,0.2,9,1,476,0.0033092499943450093,1065009152,0.0859375
svhn,ssb-v1,0.2,9,1,477,0.010524958022870123,1065893888,0.0546875
svhn,ssb-v1,0.2,9,1,478,0.003456917009316385,1066106880,0.09375
svhn,ssb-v1,0.2,9,1,479,0.0034672089968807995,1066106880,0.09375
svhn,ssb-v1,0.2,9,1,480,0.0033498749835416675,1066106880,0.0625
svhn,ssb-v1,0.2,9,1,481,0.0105442909989506,1067368448,0.078125
svhn,ssb-v1,0.2,9,1,482,0.003810666996287182,1067712512,0.0859375
svhn,ssb-v1,0.2,9,1,483,0.003277999989222735,1067712512,0.078125
svhn,ssb-v1,0.2,9,1,484,0.0034631669986993074,1068367872,0.0546875
svhn,ssb-v1,0.2,9,1,485,0.0035067909921053797,1068367872,0.1328125
svhn,ssb-v1,0.2,9,1,486,0.003306875005364418,1068367872,0.109375
svhn,ssb-v1,0.2,9,1,487,0.003419624990783632,1068384256,0.1484375
svhn,ssb-v1,0.2,9,1,488,0.0034692919871304184,1068384256,0.1796875
svhn,ssb-v1,0.2,9,1,489,0.003286332997959107,1068384256,0.1484375
svhn,ssb-v1,0.2,9,1,490,0.010430665977764875,1069219840,0.1484375
svhn,ssb-v1,0.2,9,1,491,0.003359624999575317,1069219840,0.2265625
svhn,ssb-v1,0.2,9,1,492,0.003374124993570149,1069219840,0.15625
svhn,ssb-v1,0.2,9,1,493,0.0033149579830933362,1069563904,0.171875
svhn,ssb-v1,0.2,9,1,494,0.0033962080196943134,1069563904,0.15625
svhn,ssb-v1,0.2,9,1,495,0.0033825830032583326,1069563904,0.234375
svhn,ssb-v1,0.2,9,1,496,0.00342175000696443,1069793280,0.234375
svhn,ssb-v1,0.2,9,1,497,0.0034875829878728837,1069793280,0.1875
svhn,ssb-v1,0.2,9,1,498,0.003324291988974437,1069793280,0.1640625
svhn,ssb-v1,0.2,9,1,499,0.0034003329928964376,1069809664,0.2265625
svhn,ssb-v1,0.2,9,1,500,0.003361957991728559,1069809664,0.1875
svhn,ssb-v1,0.2,9,1,501,0.0033196249860338867,1069809664,0.1796875
svhn,ssb-v1,0.2,9,1,502,0.003495208016829565,1069826048,0.0703125
svhn,ssb-v1,0.2,9,1,503,0.003123458009213209,1069826048,0.0859375
svhn,ssb-v1,0.2,9,1,504,0.00333579201833345,1069826048,0.1328125
svhn,ssb-v1,0.2,9,1,505,0.0033608330122660846,1069826048,0.1328125
svhn,ssb-v1,0.2,9,1,506,0.003441332984948531,1069826048,0.1875
svhn,ssb-v1,0.2,9,1,507,0.0034617500205058604,1069842432,0.1328125
svhn,ssb-v1,0.2,9,1,508,0.0033220409823115915,1069842432,0.1171875
svhn,ssb-v1,0.2,9,1,509,0.00324212500709109,1069842432,0.1640625
svhn,ssb-v1,0.2,9,1,510,0.0033038750116247684,1069842432,0.1640625
svhn,ssb-v1,0.2,9,1,511,0.0034144590026699007,1069842432,0.2421875
svhn,ssb-v1,0.2,9,1,512,0.0033256250026170164,1069842432,0.2109375
svhn,ssb-v1,0.2,9,1,513,0.0033959159918595105,1069842432,0.203125
svhn,ssb-v1,0.2,9,1,514,0.0033387909934390336,1069842432,0.1484375
svhn,ssb-v1,0.2,9,1,515,0.003285915998276323,1069842432,0.140625
svhn,ssb-v1,0.2,9,1,516,0.003287833009380847,1069842432,0.15625
svhn,ssb-v1,0.2,9,1,517,0.0033710829738993198,1069842432,0.0625
svhn,ssb-v1,0.2,9,1,518,0.0034517080057412386,1069842432,0.1484375
svhn,ssb-v1,0.2,9,1,519,0.0033826250000856817,1069842432,0.109375
svhn,ssb-v1,0.2,9,1,520,0.003534166986355558,1069842432,0.125
svhn,ssb-v1,0.2,9,1,521,0.003387250006198883,1069842432,0.140625
svhn,ssb-v1,0.2,9,1,522,0.0033577909925952554,1069858816,0.109375
svhn,ssb-v1,0.2,9,1,523,0.0033911250066012144,1069858816,0.1015625
svhn,ssb-v1,0.2,9,1,524,0.0033273749868385494,1069858816,0.203125
svhn,ssb-v1,0.2,9,1,525,0.003297584014944732,1069858816,0.1640625
svhn,ssb-v1,0.2,9,1,526,0.003394333994947374,1069858816,0.1328125
svhn,ssb-v1,0.2,9,1,527,0.003429542004596442,1069858816,0.1171875
svhn,ssb-v1,0.2,9,1,528,0.0033265419770032167,1069858816,0.09375
svhn,ssb-v1,0.2,9,1,529,0.003363290976267308,1069858816,0.0859375
svhn,ssb-v1,0.2,9,1,530,0.0032680830045137554,1069858816,0.125
svhn,ssb-v1,0.2,9,1,531,0.0033863749995362014,1069858816,0.1015625
svhn,ssb-v1,0.2,9,1,532,0.0035171249764971435,1069858816,0.171875
svhn,ssb-v1,0.2,9,1,533,0.003497291007079184,1069858816,0.140625
svhn,ssb-v1,0.2,9,1,534,0.003430749988183379,1069858816,0.0625
svhn,ssb-v1,0.2,9,1,535,0.003348832979099825,1069858816,0.140625
svhn,ssb-v1,0.2,9,1,536,0.0033705410023685545,1069858816,0.1640625
svhn,ssb-v1,0.2,9,1,537,0.0033862910058815032,1069858816,0.1015625
svhn,ssb-v1,0.2,9,1,538,0.0033985830086749047,1069858816,0.1484375
svhn,ssb-v1,0.2,9,1,539,0.003380291978828609,1069858816,0.0390625
svhn,ssb-v1,0.2,9,1,540,0.003337500005727634,1069858816,0.0546875
svhn,ssb-v1,0.2,9,1,541,0.0033577090071048588,1069875200,0.0625
svhn,ssb-v1,0.2,9,1,542,0.003359207999892533,1069875200,0.1953125
svhn,ssb-v1,0.2,9,1,543,0.003367208002600819,1069875200,0.1875
svhn,ssb-v1,0.2,9,1,544,0.003290291002485901,1069891584,0.1796875
svhn,ssb-v1,0.2,9,1,545,0.0034896249999292195,1069891584,0.1796875
svhn,ssb-v1,0.2,9,1,546,0.010885833005886525,1070792704,0.140625
svhn,ssb-v1,0.2,9,1,547,0.003384249983355403,1070891008,0.15625
svhn,ssb-v1,0.2,9,1,548,0.003336833993671462,1071022080,0.0625
svhn,ssb-v1,0.2,9,1,549,0.0034549590200185776,1071022080,0.1875
svhn,ssb-v1,0.2,9,1,550,0.00341429200489074,1071022080,0.1796875
svhn,ssb-v1,0.2,9,1,551,0.003472458978649229,1071398912,0.25
svhn,ssb-v1,0.2,9,1,552,0.0032430419814772904,1071398912,0.1640625
svhn,ssb-v1,0.2,9,1,553,0.003362958988873288,1071398912,0.1875
svhn,ssb-v1,0.2,9,1,554,0.003525917010847479,1071398912,0.1796875
svhn,ssb-v1,0.2,9,1,555,0.00344958298956044,1071398912,0.1875
svhn,ssb-v1,0.2,9,1,556,0.0034244999988004565,1071398912,0.2109375
svhn,ssb-v1,0.2,9,1,557,0.010431125003378838,1072267264,0.203125
svhn,ssb-v1,0.2,9,1,558,0.003511084010824561,1072267264,0.140625
svhn,ssb-v1,0.2,9,1,559,0.0035146660229656845,1072267264,0.1875
svhn,ssb-v1,0.2,9,1,560,0.003319042007206008,1072267264,0.1953125
svhn,ssb-v1,0.2,9,1,561,0.0033142080064862967,1072267264,0.1953125
svhn,ssb-v1,0.2,9,1,562,0.0033562500029802322,1072267264,0.109375
svhn,ssb-v1,0.2,9,1,563,0.003345167002407834,1072283648,0.1015625
svhn,ssb-v1,0.2,9,1,564,0.0031710839830338955,1072447488,0.0703125
svhn,ssb-v1,0.2,9,1,565,0.010128082998562604,1073233920,0.078125
svhn,ssb-v1,0.2,9,1,566,0.0032522500259801745,1073430528,0.09375
svhn,ssb-v1,0.2,9,1,567,0.0032984169956762344,1073430528,0.0859375
svhn,ssb-v1,0.2,9,1,568,0.003314542002044618,1074282496,0.1015625
svhn,ssb-v1,0.2,9,1,569,0.00333949999185279,1074446336,0.0625
svhn,ssb-v1,0.2,9,1,570,0.00341654202202335,1074446336,0.1015625
svhn,ssb-v1,0.2,9,1,571,0.003342667012475431,1074446336,0.0625
svhn,ssb-v1,0.2,9,1,572,0.03809033299330622,1082949632,0.0975609756097561
svhn,ssb-v1,0.2,9,2,0,0.0046786669990979135,1092173824,0.125
svhn,ssb-v1,0.2,9,2,1,0.004645915993023664,1092173824,0.1015625
svhn,ssb-v1,0.2,9,2,2,0.009932957997079939,1093107712,0.0703125
svhn,ssb-v1,0.2,9,2,3,0.003424583002924919,1093926912,0.1328125
svhn,ssb-v1,0.2,9,2,4,0.0034212500031571835,1093926912,0.1015625
svhn,ssb-v1,0.2,9,2,5,0.003336583002237603,1094844416,0.0703125
svhn,ssb-v1,0.2,9,2,6,0.0035126669972669333,1096417280,0.1171875
svhn,ssb-v1,0.2,9,2,7,0.009860332997050136,1097236480,0.140625
svhn,ssb-v1,0.2,9,2,8,0.003370291000464931,1097695232,0.203125
svhn,ssb-v1,0.2,9,2,9,0.0033846659935079515,1098252288,0.2578125
svhn,ssb-v1,0.2,9,2,10,0.003375250002136454,1098252288,0.171875
svhn,ssb-v1,0.2,9,2,11,0.0033629999961704016,1098252288,0.1875
svhn,ssb-v1,0.2,9,2,12,0.0034441669995430857,1098498048,0.21875
svhn,ssb-v1,0.2,9,2,13,0.003446292015723884,1098498048,0.1640625
svhn,ssb-v1,0.2,9,2,14,0.003232999995816499,1098498048,0.1171875
svhn,ssb-v1,0.2,9,2,15,0.003442916990024969,1098498048,0.125
svhn,ssb-v1,0.2,9,2,16,0.003473416989436373,1098498048,0.0859375
svhn,ssb-v1,0.2,9,2,17,0.003311166015919298,1098498048,0.0859375
svhn,ssb-v1,0.2,9,2,18,0.0032407499966211617,1098498048,0.0625
svhn,ssb-v1,0.2,9,2,19,0.0033423750137444586,1098498048,0.0703125
svhn,ssb-v1,0.2,9,2,20,0.003267708991188556,1098498048,0.1328125
svhn,ssb-v1,0.2,9,2,21,0.0033212919952347875,1098498048,0.0859375
svhn,ssb-v1,0.2,9,2,22,0.0034137920010834932,1098498048,0.1328125
svhn,ssb-v1,0.2,9,2,23,0.003316125017590821,1098498048,0.0546875
svhn,ssb-v1,0.2,9,2,24,0.0033292500011157244,1098498048,0.0390625
svhn,ssb-v1,0.2,9,2,25,0.003264375001890585,1100070912,0.109375
svhn,ssb-v1,0.2,9,2,26,0.0033989590010605752,1100070912,0.078125
svhn,ssb-v1,0.2,9,2,27,0.0031086659873835742,1100070912,0.125
svhn,ssb-v1,0.2,9,2,28,0.0031511250126641244,1100070912,0.0859375
svhn,ssb-v1,0.2,9,2,29,0.003368000005139038,1100070912,0.0703125
svhn,ssb-v1,0.2,9,2,30,0.0033171669929288328,1100070912,0.0390625
svhn,ssb-v1,0.2,9,2,31,0.0032725829805713147,1100070912,0.078125
svhn,ssb-v1,0.2,9,2,32,0.003325333003886044,1100070912,0.09375
svhn,ssb-v1,0.2,9,2,33,0.0034020829771179706,1100070912,0.0625
svhn,ssb-v1,0.2,9,2,34,0.003456459002336487,1100070912,0.0859375
svhn,ssb-v1,0.2,9,2,35,0.003364415984833613,1100070912,0.1328125
svhn,ssb-v1,0.2,9,2,36,0.003238125005736947,1100070912,0.0546875
svhn,ssb-v1,0.2,9,2,37,0.011078125011408702,1100857344,0.1171875
svhn,ssb-v1,0.2,9,2,38,0.0034280000254511833,1100873728,0.0546875
svhn,ssb-v1,0.2,9,2,39,0.0033713330049067736,1101217792,0.1015625
svhn,ssb-v1,0.2,9,2,40,0.003219625010387972,1101217792,0.2265625
svhn,ssb-v1,0.2,9,2,41,0.0033959170104935765,1101217792,0.1328125
svhn,ssb-v1,0.2,9,2,42,0.00339912498020567,1101217792,0.140625
svhn,ssb-v1,0.2,9,2,43,0.0034554169978946447,1101578240,0.1640625
svhn,ssb-v1,0.2,9,2,44,0.003386749973287806,1101578240,0.15625
svhn,ssb-v1,0.2,9,2,45,0.0035310829989612103,1101578240,0.125
svhn,ssb-v1,0.2,9,2,46,0.0033625409996602684,1101594624,0.1484375
svhn,ssb-v1,0.2,9,2,47,0.003384207986528054,1101594624,0.1796875
svhn,ssb-v1,0.2,9,2,48,0.0033711249998304993,1101594624,0.046875
svhn,ssb-v1,0.2,9,2,49,0.003438874991843477,1101594624,0.0546875
svhn,ssb-v1,0.2,9,2,50,0.0032782499911263585,1101594624,0.0625
svhn,ssb-v1,0.2,9,2,51,0.0033334580075461417,1101594624,0.09375
svhn,ssb-v1,0.2,9,2,52,0.0033305420074611902,1101594624,0.0546875
svhn,ssb-v1,0.2,9,2,53,0.003451708995271474,1101611008,0.078125
svhn,ssb-v1,0.2,9,2,54,0.003401541995117441,1101611008,0.09375
svhn,ssb-v1,0.2,9,2,55,0.00333333300659433,1101611008,0.25
svhn,ssb-v1,0.2,9,2,56,0.0034822910092771053,1101611008,0.1796875
svhn,ssb-v1,0.2,9,2,57,0.003345875011291355,1101611008,0.25
svhn,ssb-v1,0.2,9,2,58,0.003310708998469636,1101611008,0.1953125
svhn,ssb-v1,0.2,9,2,59,0.0033957080158870667,1101611008,0.1796875
svhn,ssb-v1,0.2,9,2,60,0.0033226250088773668,1101611008,0.234375
svhn,ssb-v1,0.2,9,2,61,0.00334024999756366,1101611008,0.1875
svhn,ssb-v1,0.2,9,2,62,0.0034109159896615893,1101611008,0.0625
svhn,ssb-v1,0.2,9,2,63,0.003118041990092024,1101611008,0.1328125
svhn,ssb-v1,0.2,9,2,64,0.0032983749988488853,1101611008,0.171875
svhn,ssb-v1,0.2,9,2,65,0.003685374977067113,1101611008,0.125
svhn,ssb-v1,0.2,9,2,66,0.00400716601870954,1101627392,0.1015625
svhn,ssb-v1,0.2,9,2,67,0.004409292014315724,1101627392,0.1015625
svhn,ssb-v1,0.2,9,2,68,0.005896540998946875,1101627392,0.1328125
svhn,ssb-v1,0.2,9,2,69,0.00573691600584425,1101627392,0.109375
svhn,ssb-v1,0.2,9,2,70,0.0053069999848958105,1101627392,0.046875
svhn,ssb-v1,0.2,9,2,71,0.00388662499608472,1101627392,0.078125
svhn,ssb-v1,0.2,9,2,72,0.003637290996266529,1101627392,0.1328125
svhn,ssb-v1,0.2,9,2,73,0.003300375014077872,1101627392,0.1328125
svhn,ssb-v1,0.2,9,2,74,0.0032156669767573476,1101627392,0.1171875
svhn,ssb-v1,0.2,9,2,75,0.003302875004010275,1101627392,0.09375
svhn,ssb-v1,0.2,9,2,76,0.00329033299931325,1101627392,0.140625
svhn,ssb-v1,0.2,9,2,77,0.0032472499879077077,1101627392,0.1328125
svhn,ssb-v1,0.2,9,2,78,0.0033802080142777413,1101627392,0.1171875
svhn,ssb-v1,0.2,9,2,79,0.003199667000444606,1101627392,0.0859375
svhn,ssb-v1,0.2,9,2,80,0.0035068329889327288,1101627392,0.1171875
svhn,ssb-v1,0.2,9,2,81,0.003366916993400082,1101627392,0.1171875
svhn,ssb-v1,0.2,9,2,82,0.003510583017487079,1101627392,0.09375
svhn,ssb-v1,0.2,9,2,83,0.003249208995839581,1101627392,0.0546875
svhn,ssb-v1,0.2,9,2,84,0.0030077499977778643,1101627392,0.125
svhn,ssb-v1,0.2,9,2,85,0.003425333008635789,1101627392,0.09375
svhn,ssb-v1,0.2,9,2,86,0.0033662079949863255,1101627392,0.109375
svhn,ssb-v1,0.2,9,2,87,0.003439541003899649,1101627392,0.1328125
svhn,ssb-v1,0.2,9,2,88,0.003247084008762613,1101627392,0.21875
svhn,ssb-v1,0.2,9,2,89,0.0034615829936228693,1101627392,0.1171875
svhn,ssb-v1,0.2,9,2,90,0.003366166987689212,1101627392,0.125
svhn,ssb-v1,0.2,9,2,91,0.003451916010817513,1101627392,0.15625
svhn,ssb-v1,0.2,9,2,92,0.003138915984891355,1101643776,0.1953125
svhn,ssb-v1,0.2,9,2,93,0.0033229169785045087,1101643776,0.1484375
svhn,ssb-v1,0.2,9,2,94,0.0031441249884665012,1101643776,0.1875
svhn,ssb-v1,0.2,9,2,95,0.0034833329846151173,1101643776,0.1796875
svhn,ssb-v1,0.2,9,2,96,0.010530792002100497,1102610432,0.2265625
svhn,ssb-v1,0.2,9,2,97,0.0034362500009592623,1102856192,0.2265625
svhn,ssb-v1,0.2,9,2,98,0.003379458998097107,1102856192,0.21875
svhn,ssb-v1,0.2,9,2,99,0.0033577080175746232,1102856192,0.171875
svhn,ssb-v1,0.2,9,2,100,0.0034071660193149,1103347712,0.1484375
svhn,ssb-v1,0.2,9,2,101,0.0033898749970830977,1103347712,0.0703125
svhn,ssb-v1,0.2,9,2,102,0.0033619580208323896,1103347712,0.0859375
svhn,ssb-v1,0.2,9,2,103,0.0033605000062379986,1103347712,0.140625
svhn,ssb-v1,0.2,9,2,104,0.0033271659922320396,1103347712,0.1015625
svhn,ssb-v1,0.2,9,2,105,0.0034020409802906215,1103347712,0.0546875
svhn,ssb-v1,0.2,9,2,106,0.003398458007723093,1103347712,0.0546875
svhn,ssb-v1,0.2,9,2,107,0.010271124978316948,1104117760,0.0546875
svhn,ssb-v1,0.2,9,2,108,0.0033077499829232693,1104117760,0.1015625
svhn,ssb-v1,0.2,9,2,109,0.0033180419995915145,1104494592,0.0703125
svhn,ssb-v1,0.2,9,2,110,0.0033328330027870834,1104855040,0.1015625
svhn,ssb-v1,0.2,9,2,111,0.0034041249891743064,1104855040,0.09375
svhn,ssb-v1,0.2,9,2,112,0.0030566670175176114,1104855040,0.125
svhn,ssb-v1,0.2,9,2,113,0.003445833979640156,1104855040,0.0625
svhn,ssb-v1,0.2,9,2,114,0.0035166250017937273,1104855040,0.0625
svhn,ssb-v1,0.2,9,2,115,0.0031464170024264604,1104855040,0.0703125
svhn,ssb-v1,0.2,9,2,116,0.003226707980502397,1104855040,0.078125
svhn,ssb-v1,0.2,9,2,117,0.0033885830198414624,1104855040,0.1015625
svhn,ssb-v1,0.2,9,2,118,0.003312584012746811,1104855040,0.1171875
svhn,ssb-v1,0.2,9,2,119,0.003262958023697138,1104855040,0.0625
svhn,ssb-v1,0.2,9,2,120,0.003270124987466261,1104855040,0.078125
svhn,ssb-v1,0.2,9,2,121,0.009689833008451387,1105805312,0.0859375
svhn,ssb-v1,0.2,9,2,122,0.003510874987114221,1105805312,0.078125
svhn,ssb-v1,0.2,9,2,123,0.003356750006787479,1106247680,0.0546875
svhn,ssb-v1,0.2,9,2,124,0.0034613750176504254,1106247680,0.0625
svhn,ssb-v1,0.2,9,2,125,0.003361291019245982,1106493440,0.078125
svhn,ssb-v1,0.2,9,2,126,0.0033671669953037053,1106493440,0.0625
svhn,ssb-v1,0.2,9,2,127,0.0033117500133812428,1106493440,0.0703125
svhn,ssb-v1,0.2,9,2,128,0.0032965409918688238,1106493440,0.0546875
svhn,ssb-v1,0.2,9,2,129,0.0032772920094430447,1106493440,0.09375
svhn,ssb-v1,0.2,9,2,130,0.0034732080239336938,1106493440,0.0390625
svhn,ssb-v1,0.2,9,2,131,0.0033232090063393116,1106493440,0.0546875
svhn,ssb-v1,0.2,9,2,132,0.003427624993491918,1106493440,0.046875
svhn,ssb-v1,0.2,9,2,133,0.003264625003794208,1106493440,0.0859375
svhn,ssb-v1,0.2,9,2,134,0.0033817910007201135,1106493440,0.0546875
svhn,ssb-v1,0.2,9,2,135,0.003205374989192933,1106493440,0.1015625
svhn,ssb-v1,0.2,9,2,136,0.003339166985824704,1106493440,0.046875
svhn,ssb-v1,0.2,9,2,137,0.0032462500093970448,1106493440,0.015625
svhn,ssb-v1,0.2,9,2,138,0.003428833995712921,1106493440,0.140625
svhn,ssb-v1,0.2,9,2,139,0.003346374985994771,1106493440,0.1015625
svhn,ssb-v1,0.2,9,2,140,0.0033393329940736294,1106493440,0.09375
svhn,ssb-v1,0.2,9,2,141,0.003443958004936576,1106493440,0.078125
svhn,ssb-v1,0.2,9,2,142,0.0033837080118246377,1106493440,0.0703125
svhn,ssb-v1,0.2,9,2,143,0.0033492080110590905,1106493440,0.0546875
svhn,ssb-v1,0.2,9,2,144,0.0032580420083831996,1106493440,0.078125
svhn,ssb-v1,0.2,9,2,145,0.0033461250131949782,1106493440,0.109375
svhn,ssb-v1,0.2,9,2,146,0.003435833001276478,1106493440,0.1171875
svhn,ssb-v1,0.2,9,2,147,0.003419124986976385,1106493440,0.0703125
svhn,ssb-v1,0.2,9,2,148,0.003435624996200204,1106493440,0.1015625
svhn,ssb-v1,0.2,9,2,149,0.0033778749930206686,1106493440,0.1015625
svhn,ssb-v1,0.2,9,2,150,0.0033254580048378557,1106493440,0.203125
svhn,ssb-v1,0.2,9,2,151,0.003349165985127911,1106493440,0.21875
svhn,ssb-v1,0.2,9,2,152,0.0033233329886570573,1106493440,0.109375
svhn,ssb-v1,0.2,9,2,153,0.00332341599278152,1106493440,0.1640625
svhn,ssb-v1,0.2,9,2,154,0.0034304579894524068,1106493440,0.203125
svhn,ssb-v1,0.2,9,2,155,0.003292750014225021,1106509824,0.1953125
svhn,ssb-v1,0.2,9,2,156,0.003357125009642914,1106509824,0.0546875
svhn,ssb-v1,0.2,9,2,157,0.0033772080205380917,1106509824,0.03125
svhn,ssb-v1,0.2,9,2,158,0.0032913750037550926,1106526208,0.0546875
svhn,ssb-v1,0.2,9,2,159,0.0033794160117395222,1106526208,0.078125
svhn,ssb-v1,0.2,9,2,160,0.0033631249971222132,1106526208,0.046875
svhn,ssb-v1,0.2,9,2,161,0.003358124988153577,1106526208,0.0546875
svhn,ssb-v1,0.2,9,2,162,0.0033138750004582107,1106526208,0.046875
svhn,ssb-v1,0.2,9,2,163,0.003350709012011066,1106526208,0.0703125
svhn,ssb-v1,0.2,9,2,164,0.003275041002780199,1106526208,0.109375
svhn,ssb-v1,0.2,9,2,165,0.0032873750024009496,1106526208,0.078125
svhn,ssb-v1,0.2,9,2,166,0.0032270830124616623,1106526208,0.0703125
svhn,ssb-v1,0.2,9,2,167,0.0033614159910939634,1106526208,0.09375
svhn,ssb-v1,0.2,9,2,168,0.0032404999947175384,1106526208,0.109375
svhn,ssb-v1,0.2,9,2,169,0.00336437500664033,1106526208,0.1171875
svhn,ssb-v1,0.2,9,2,170,0.0032922500104177743,1106542592,0.125
svhn,ssb-v1,0.2,9,2,171,0.003339832997880876,1106558976,0.171875
svhn,ssb-v1,0.2,9,2,172,0.0034267920127604157,1106558976,0.109375
svhn,ssb-v1,0.2,9,2,173,0.003337500005727634,1106558976,0.140625
svhn,ssb-v1,0.2,9,2,174,0.0034168330021202564,1106558976,0.1328125
svhn,ssb-v1,0.2,9,2,175,0.003382916998816654,1106558976,0.1484375
svhn,ssb-v1,0.2,9,2,176,0.010139874997548759,1107443712,0.125
svhn,ssb-v1,0.2,9,2,177,0.003396042011445388,1107443712,0.1640625
svhn,ssb-v1,0.2,9,2,178,0.00324812502367422,1107443712,0.0859375
svhn,ssb-v1,0.2,9,2,179,0.003375041007529944,1107820544,0.078125
svhn,ssb-v1,0.2,9,2,180,0.0031809170031920075,1107820544,0.0703125
svhn,ssb-v1,0.2,9,2,181,0.0033536659902893007,1107820544,0.125
svhn,ssb-v1,0.2,9,2,182,0.003348375001223758,1107820544,0.1328125
svhn,ssb-v1,0.2,9,2,183,0.0035075000196229666,1108164608,0.15625
svhn,ssb-v1,0.2,9,2,184,0.0034379160206299275,1108164608,0.109375
svhn,ssb-v1,0.2,9,2,185,0.0033877500100061297,1108164608,0.171875
svhn,ssb-v1,0.2,9,2,186,0.003371583006810397,1108164608,0.0859375
svhn,ssb-v1,0.2,9,2,187,0.0033714590244926512,1108180992,0.1171875
svhn,ssb-v1,0.2,9,2,188,0.0032950830063782632,1108180992,0.0390625
svhn,ssb-v1,0.2,9,2,189,0.003209584014257416,1108180992,0.171875
svhn,ssb-v1,0.2,9,2,190,0.0031081250053830445,1108180992,0.1171875
svhn,ssb-v1,0.2,9,2,191,0.003351624996867031,1108180992,0.0546875
svhn,ssb-v1,0.2,9,2,192,0.0032537910155951977,1108180992,0.0546875
svhn,ssb-v1,0.2,9,2,193,0.0032524170237593353,1108180992,0.0859375
svhn,ssb-v1,0.2,9,2,194,0.003365791984833777,1108180992,0.109375
svhn,ssb-v1,0.2,9,2,195,0.003362499992363155,1108180992,0.09375
svhn,ssb-v1,0.2,9,2,196,0.003413500002352521,1108180992,0.0859375
svhn,ssb-v1,0.2,9,2,197,0.0033795000053942204,1108180992,0.0703125
svhn,ssb-v1,0.2,9,2,198,0.003337375004775822,1108180992,0.1171875
svhn,ssb-v1,0.2,9,2,199,0.003308750019641593,1108180992,0.125
svhn,ssb-v1,0.2,9,2,200,0.0032691249798517674,1108180992,0.0625
svhn,ssb-v1,0.2,9,2,201,0.003316042013466358,1108180992,0.078125
svhn,ssb-v1,0.2,9,2,202,0.003358499991009012,1108180992,0.0703125
svhn,ssb-v1,0.2,9,2,203,0.0033576670102775097,1108180992,0.0546875
svhn,ssb-v1,0.2,9,2,204,0.0032166250166483223,1108180992,0.1171875
svhn,ssb-v1,0.2,9,2,205,0.00330475001828745,1108180992,0.0703125
svhn,ssb-v1,0.2,9,2,206,0.003161000000545755,1108180992,0.1484375
svhn,ssb-v1,0.2,9,2,207,0.00331616701441817,1108180992,0.0625
svhn,ssb-v1,0.2,9,2,208,0.0033502499863971025,1108180992,0.1328125
svhn,ssb-v1,0.2,9,2,209,0.0033907080069184303,1108180992,0.0625
svhn,ssb-v1,0.2,9,2,210,0.0032579160179011524,1108180992,0.0703125
svhn,ssb-v1,0.2,9,2,211,0.0032205420138780028,1108180992,0.0703125
svhn,ssb-v1,0.2,9,2,212,0.010421540995594114,1109032960,0.0390625
svhn,ssb-v1,0.2,9,2,213,0.003417624975554645,1109032960,0.0859375
svhn,ssb-v1,0.2,9,2,214,0.0030876249948050827,1109032960,0.0546875
svhn,ssb-v1,0.2,9,2,215,0.0033072919759433717,1109032960,0.0390625
svhn,ssb-v1,0.2,9,2,216,0.003352041996549815,1109032960,0.0703125
svhn,ssb-v1,0.2,9,2,217,0.0032649170025251806,1109344256,0.109375
svhn,ssb-v1,0.2,9,2,218,0.003247792017646134,1109344256,0.0546875
svhn,ssb-v1,0.2,9,2,219,0.0033310830185655504,1109344256,0.2421875
svhn,ssb-v1,0.2,9,2,220,0.0032028750283643603,1109344256,0.078125
svhn,ssb-v1,0.2,9,2,221,0.0032993330096360296,1109786624,0.046875
svhn,ssb-v1,0.2,9,2,222,0.003209584014257416,1109786624,0.09375
svhn,ssb-v1,0.2,9,2,223,0.0031207079882733524,1109786624,0.0703125
svhn,ssb-v1,0.2,9,2,224,0.0033019589900504798,1109803008,0.171875
svhn,ssb-v1,0.2,9,2,225,0.003230333997635171,1109803008,0.1171875
svhn,ssb-v1,0.2,9,2,226,0.0030737919732928276,1109803008,0.0859375
svhn,ssb-v1,0.2,9,2,227,0.0031867910001892596,1109803008,0.0703125
svhn,ssb-v1,0.2,9,2,228,0.003267417021561414,1109803008,0.109375
svhn,ssb-v1,0.2,9,2,229,0.003362832998391241,1109803008,0.078125
svhn,ssb-v1,0.2,9,2,230,0.003337291011121124,1109803008,0.171875
svhn,ssb-v1,0.2,9,2,231,0.0030962089949753135,1109803008,0.140625
svhn,ssb-v1,0.2,9,2,232,0.0032295830023940653,1109803008,0.25
svhn,ssb-v1,0.2,9,2,233,0.003342791023897007,1109803008,0.1484375
svhn,ssb-v1,0.2,9,2,234,0.0032985830039251596,1109803008,0.1953125
svhn,ssb-v1,0.2,9,2,235,0.0033371249737683684,1109803008,0.078125
svhn,ssb-v1,0.2,9,2,236,0.003286499995738268,1109803008,0.0703125
svhn,ssb-v1,0.2,9,2,237,0.003356041997903958,1109803008,0.171875
svhn,ssb-v1,0.2,9,2,238,0.0034391249937471002,1109803008,0.1328125
svhn,ssb-v1,0.2,9,2,239,0.0033608750090934336,1109803008,0.171875
svhn,ssb-v1,0.2,9,2,240,0.0033544579928275198,1109803008,0.109375
svhn,ssb-v1,0.2,9,2,241,0.0033703339868225157,1109803008,0.1640625
svhn,ssb-v1,0.2,9,2,242,0.0032167079916689545,1109803008,0.1328125
svhn,ssb-v1,0.2,9,2,243,0.010167375003220513,1110622208,0.1015625
svhn,ssb-v1,0.2,9,2,244,0.0034101670025847852,1111015424,0.1171875
svhn,ssb-v1,0.2,9,2,245,0.0032422919757664204,1111015424,0.1171875
svhn,ssb-v1,0.2,9,2,246,0.003376249980647117,1111359488,0.0859375
svhn,ssb-v1,0.2,9,2,247,0.003314833011245355,1111359488,0.078125
svhn,ssb-v1,0.2,9,2,248,0.0031966250098776072,1111359488,0.0625
svhn,ssb-v1,0.2,9,2,249,0.0033435839868616313,1111359488,0.1015625
svhn,ssb-v1,0.2,9,2,250,0.0033432089840061963,1111359488,0.109375
svhn,ssb-v1,0.2,9,2,251,0.0033605420030653477,1111359488,0.078125
svhn,ssb-v1,0.2,9,2,252,0.003278749994933605,1111359488,0.0703125
svhn,ssb-v1,0.2,9,2,253,0.003350332990521565,1111359488,0.1484375
svhn,ssb-v1,0.2,9,2,254,0.0034031659888569266,1111359488,0.171875
svhn,ssb-v1,0.2,9,2,255,0.0034024589986074716,1111359488,0.140625
svhn,ssb-v1,0.2,9,2,256,0.0033970829972531646,1111359488,0.21875
svhn,ssb-v1,0.2,9,2,257,0.0076467499893624336,1111965696,0.0859375
svhn,ssb-v1,0.2,9,2,258,0.003371625003637746,1111965696,0.078125
svhn,ssb-v1,0.2,9,2,259,0.0032481669913977385,1111965696,0.046875
svhn,ssb-v1,0.2,9,2,260,0.003446290997089818,1112211456,0.0859375
svhn,ssb-v1,0.2,9,2,261,0.00323691702215001,1112457216,0.0625
svhn,ssb-v1,0.2,9,2,262,0.003292999987024814,1112457216,0.0546875
svhn,ssb-v1,0.2,9,2,263,0.0033978749997913837,1112457216,0.0703125
svhn,ssb-v1,0.2,9,2,264,0.003247459011618048,1112457216,0.0546875
svhn,ssb-v1,0.2,9,2,265,0.003362290997756645,1112457216,0.1640625
svhn,ssb-v1,0.2,9,2,266,0.003358832997037098,1112457216,0.1953125
svhn,ssb-v1,0.2,9,2,267,0.0031924160139169544,1112457216,0.25
svhn,ssb-v1,0.2,9,2,268,0.0033778749930206686,1112457216,0.1953125
svhn,ssb-v1,0.2,9,2,269,0.010137083008885384,1113260032,0.1953125
svhn,ssb-v1,0.2,9,2,270,0.0033665829978417605,1113587712,0.21875
svhn,ssb-v1,0.2,9,2,271,0.0034355420211795717,1113964544,0.1875
svhn,ssb-v1,0.2,9,2,272,0.0033845830184873194,1113980928,0.171875
svhn,ssb-v1,0.2,9,2,273,0.0034290829789824784,1113980928,0.140625
svhn,ssb-v1,0.2,9,2,274,0.003327415994135663,1113980928,0.125
svhn,ssb-v1,0.2,9,2,275,0.0033319999929517508,1113997312,0.046875
svhn,ssb-v1,0.2,9,2,276,0.0033480830024927855,1113997312,0.078125
svhn,ssb-v1,0.2,9,2,277,0.010405249980976805,1114750976,0.0703125
svhn,ssb-v1,0.2,9,2,278,0.0033924579911399633,1115193344,0.03125
svhn,ssb-v1,0.2,9,2,279,0.003365374985150993,1115193344,0.109375
svhn,ssb-v1,0.2,9,2,280,0.0033320829970762134,1115193344,0.0703125
svhn,ssb-v1,0.2,9,2,281,0.003352583007654175,1115193344,0.0703125
svhn,ssb-v1,0.2,9,2,282,0.0033692500146571547,1115193344,0.125
svhn,ssb-v1,0.2,9,2,283,0.003348708007251844,1115193344,0.1328125
svhn,ssb-v1,0.2,9,2,284,0.003396207990590483,1115439104,0.1171875
svhn,ssb-v1,0.2,9,2,285,0.0033410830073989928,1115439104,0.1015625
svhn,ssb-v1,0.2,9,2,286,0.0034488750097807497,1115439104,0.078125
svhn,ssb-v1,0.2,9,2,287,0.0033834580099210143,1115439104,0.1015625
svhn,ssb-v1,0.2,9,2,288,0.0033032079809345305,1115439104,0.1171875
svhn,ssb-v1,0.2,9,2,289,0.0032266670023091137,1115439104,0.0703125
svhn,ssb-v1,0.2,9,2,290,0.0032635840179864317,1115439104,0.0703125
svhn,ssb-v1,0.2,9,2,291,0.003427957999520004,1115439104,0.140625
svhn,ssb-v1,0.2,9,2,292,0.010492834000615403,1116323840,0.140625
svhn,ssb-v1,0.2,9,2,293,0.003333125001518056,1116323840,0.0859375
svhn,ssb-v1,0.2,9,2,294,0.003215665987227112,1116323840,0.078125
svhn,ssb-v1,0.2,9,2,295,0.0032645419996697456,1116717056,0.0546875
svhn,ssb-v1,0.2,9,2,296,0.003321540978504345,1117077504,0.078125
svhn,ssb-v1,0.2,9,2,297,0.003195666999090463,1117077504,0.0859375
svhn,ssb-v1,0.2,9,2,298,0.0032060420198831707,1117077504,0.0625
svhn,ssb-v1,0.2,9,2,299,0.0032817920146044344,1117077504,0.1875
svhn,ssb-v1,0.2,9,2,300,0.0032169580226764083,1117077504,0.0390625
svhn,ssb-v1,0.2,9,2,301,0.0033023750002030283,1117077504,0.078125
svhn,ssb-v1,0.2,9,2,302,0.0033659999899100512,1117077504,0.1640625
svhn,ssb-v1,0.2,9,2,303,0.003286499995738268,1117077504,0.1484375
svhn,ssb-v1,0.2,9,2,304,0.0033643329807091504,1117077504,0.171875
svhn,ssb-v1,0.2,9,2,305,0.003325375000713393,1117077504,0.25
svhn,ssb-v1,0.2,9,2,306,0.003342791984323412,1117077504,0.125
svhn,ssb-v1,0.2,9,2,307,0.003292832989245653,1117077504,0.1171875
svhn,ssb-v1,0.2,9,2,308,0.0033681250060908496,1117077504,0.09375
svhn,ssb-v1,0.2,9,2,309,0.00334475000272505,1117093888,0.0859375
svhn,ssb-v1,0.2,9,2,310,0.0033213339920621365,1117093888,0.1328125
svhn,ssb-v1,0.2,9,2,311,0.003345000004628673,1117093888,0.1796875
svhn,ssb-v1,0.2,9,2,312,0.003352250001626089,1117093888,0.171875
svhn,ssb-v1,0.2,9,2,313,0.0033456250093877316,1117093888,0.15625
svhn,ssb-v1,0.2,9,2,314,0.0032359590113628656,1117093888,0.125
svhn,ssb-v1,0.2,9,2,315,0.0033292080042883754,1117093888,0.1171875
svhn,ssb-v1,0.2,9,2,316,0.0035345829965081066,1117093888,0.09375
svhn,ssb-v1,0.2,9,2,317,0.0032681250013411045,1117093888,0.0703125
svhn,ssb-v1,0.2,9,2,318,0.0033167919900733978,1117093888,0.078125
svhn,ssb-v1,0.2,9,2,319,0.003161999979056418,1117093888,0.078125
svhn,ssb-v1,0.2,9,2,320,0.0032702079915907234,1117093888,0.0625
svhn,ssb-v1,0.2,9,2,321,0.0034025830100290477,1117093888,0.0234375
svhn,ssb-v1,0.2,9,2,322,0.01062579100835137,1117978624,0.078125
svhn,ssb-v1,0.2,9,2,323,0.003361875016707927,1118404608,0.0859375
svhn,ssb-v1,0.2,9,2,324,0.0034212080063298345,1118486528,0.0234375
svhn,ssb-v1,0.2,9,2,325,0.003305707999970764,1118715904,0.0703125
svhn,ssb-v1,0.2,9,2,326,0.0033899999980349094,1118715904,0.0625
svhn,ssb-v1,0.2,9,2,327,0.003331415995489806,1118715904,0.1015625
svhn,ssb-v1,0.2,9,2,328,0.0033276659960392863,1118715904,0.0546875
svhn,ssb-v1,0.2,9,2,329,0.0032013329910114408,1118715904,0.109375
svhn,ssb-v1,0.2,9,2,330,0.0033171669929288328,1118715904,0.0625
svhn,ssb-v1,0.2,9,2,331,0.0034044579952023923,1118715904,0.046875
svhn,ssb-v1,0.2,9,2,332,0.0032557079975958914,1118715904,0.0390625
svhn,ssb-v1,0.2,9,2,333,0.003427624993491918,1118715904,0.0625
svhn,ssb-v1,0.2,9,2,334,0.0032134579960256815,1118715904,0.1875
svhn,ssb-v1,0.2,9,2,335,0.0034254170022904873,1118715904,0.2421875
svhn,ssb-v1,0.2,9,2,336,0.003234167001210153,1118715904,0.1875
svhn,ssb-v1,0.2,9,2,337,0.003435124992392957,1118715904,0.15625
svhn,ssb-v1,0.2,9,2,338,0.0032965000136755407,1118715904,0.1640625
svhn,ssb-v1,0.2,9,2,339,0.0034316670207772404,1118715904,0.2109375
svhn,ssb-v1,0.2,9,2,340,0.0033924169838428497,1118715904,0.140625
svhn,ssb-v1,0.2,9,2,341,0.003298083000117913,1118715904,0.0859375
svhn,ssb-v1,0.2,9,2,342,0.003341458010254428,1118715904,0.140625
svhn,ssb-v1,0.2,9,2,343,0.0033932079968508333,1118715904,0.1015625
svhn,ssb-v1,0.2,9,2,344,0.003398875007405877,1118715904,0.09375
svhn,ssb-v1,0.2,9,2,345,0.0032293339900206774,1118715904,0.1484375
svhn,ssb-v1,0.2,9,2,346,0.003319667011965066,1118732288,0.1015625
svhn,ssb-v1,0.2,9,2,347,0.0032922909886110574,1118732288,0.0859375
svhn,ssb-v1,0.2,9,2,348,0.003169750008964911,1118732288,0.1171875
svhn,ssb-v1,0.2,9,2,349,0.0034093339927494526,1118732288,0.1328125
svhn,ssb-v1,0.2,9,2,350,0.0033838750096037984,1118732288,0.125
svhn,ssb-v1,0.2,9,2,351,0.0033096249972004443,1118732288,0.1484375
svhn,ssb-v1,0.2,9,2,352,0.003223082982003689,1118732288,0.1640625
svhn,ssb-v1,0.2,9,2,353,0.0033647499803919345,1118732288,0.1875
svhn,ssb-v1,0.2,9,2,354,0.003307250008219853,1118732288,0.1015625
svhn,ssb-v1,0.2,9,2,355,0.003351249994011596,1118732288,0.0546875
svhn,ssb-v1,0.2,9,2,356,0.0033620420144870877,1118732288,0.046875
svhn,ssb-v1,0.2,9,2,357,0.003402707981877029,1118732288,0.09375
svhn,ssb-v1,0.2,9,2,358,0.0034052080009132624,1118732288,0.046875
svhn,ssb-v1,0.2,9,2,359,0.010623915994074196,1119567872,0.09375
svhn,ssb-v1,0.2,9,2,360,0.00898300000699237,1120813056,0.0234375
svhn,ssb-v1,0.2,9,2,361,0.00348212500102818,1121288192,0.0703125
svhn,ssb-v1,0.2,9,2,362,0.0033574170083738863,1121320960,0.0625
svhn,ssb-v1,0.2,9,2,363,0.003459083993220702,1121320960,0.0703125
svhn,ssb-v1,0.2,9,2,364,0.0033056249958463013,1121320960,0.0546875
svhn,ssb-v1,0.2,9,2,365,0.0031719170219730586,1121337344,0.0859375
svhn,ssb-v1,0.2,9,2,366,0.0032766250078566372,1121337344,0.0625
svhn,ssb-v1,0.2,9,2,367,0.0033182910119649023,1121337344,0.1015625
svhn,ssb-v1,0.2,9,2,368,0.0034279589890502393,1121337344,0.078125
svhn,ssb-v1,0.2,9,2,369,0.0032715839915908873,1121337344,0.0625
svhn,ssb-v1,0.2,9,2,370,0.0033307920093648136,1121337344,0.0703125
svhn,ssb-v1,0.2,9,2,371,0.0034329589980188757,1121337344,0.1875
svhn,ssb-v1,0.2,9,2,372,0.003206208988558501,1121845248,0.1328125
svhn,ssb-v1,0.2,9,2,373,0.00337183297961019,1121845248,0.2890625
svhn,ssb-v1,0.2,9,2,374,0.0033377910149283707,1121845248,0.15625
svhn,ssb-v1,0.2,9,2,375,0.003349333012010902,1121845248,0.203125
svhn,ssb-v1,0.2,9,2,376,0.0033709170238580555,1121845248,0.1015625
svhn,ssb-v1,0.2,9,2,377,0.003393374994629994,1121845248,0.0859375
svhn,ssb-v1,0.2,9,2,378,0.0032911250018514693,1121845248,0.0859375
svhn,ssb-v1,0.2,9,2,379,0.0034957499883603305,1121845248,0.046875
svhn,ssb-v1,0.2,9,2,380,0.0034164579992648214,1121845248,0.03125
svhn,ssb-v1,0.2,9,2,381,0.003356750006787479,1121845248,0.0546875
svhn,ssb-v1,0.2,9,2,382,0.003303166013211012,1121845248,0.0703125
svhn,ssb-v1,0.2,9,2,383,0.0033248330000787973,1121845248,0.0859375
svhn,ssb-v1,0.2,9,2,384,0.0032938340154942125,1121845248,0.046875
svhn,ssb-v1,0.2,9,2,385,0.0034239579981658608,1121845248,0.0546875
svhn,ssb-v1,0.2,9,2,386,0.0033060409768950194,1121845248,0.0703125
svhn,ssb-v1,0.2,9,2,387,0.0032996249792631716,1121861632,0.09375
svhn,ssb-v1,0.2,9,2,388,0.0033018340182024986,1121861632,0.0859375
svhn,ssb-v1,0.2,9,2,389,0.0032999170070979744,1121861632,0.1015625
svhn,ssb-v1,0.2,9,2,390,0.0033084169845096767,1121861632,0.0859375
svhn,ssb-v1,0.2,9,2,391,0.003322167001897469,1121861632,0.0625
svhn,ssb-v1,0.2,9,2,392,0.003279833006672561,1121861632,0.109375
svhn,ssb-v1,0.2,9,2,393,0.003264958009822294,1121861632,0.125
svhn,ssb-v1,0.2,9,2,394,0.0030929579806979746,1121861632,0.15625
svhn,ssb-v1,0.2,9,2,395,0.003226917004212737,1121878016,0.21875
svhn,ssb-v1,0.2,9,2,396,0.003350416984176263,1121878016,0.1875
svhn,ssb-v1,0.2,9,2,397,0.0032278750149998814,1121878016,0.203125
svhn,ssb-v1,0.2,9,2,398,0.0033851669868454337,1121878016,0.203125
svhn,ssb-v1,0.2,9,2,399,0.0032586249872110784,1121878016,0.2109375
svhn,ssb-v1,0.2,9,2,400,0.0033251249988097697,1121878016,0.1953125
svhn,ssb-v1,0.2,9,2,401,0.010725083004217595,1122779136,0.2109375
svhn,ssb-v1,0.2,9,2,402,0.0034065410145558417,1122779136,0.1640625
svhn,ssb-v1,0.2,9,2,403,0.0034048749948851764,1122779136,0.09375
svhn,ssb-v1,0.2,9,2,404,0.0031772909860592335,1122779136,0.1015625
svhn,ssb-v1,0.2,9,2,405,0.0034294170036446303,1123074048,0.078125
svhn,ssb-v1,0.2,9,2,406,0.0033911659847944975,1123090432,0.140625
svhn,ssb-v1,0.2,9,2,407,0.003321750002214685,1123090432,0.1171875
svhn,ssb-v1,0.2,9,2,408,0.003179166989866644,1123516416,0.1171875
svhn,ssb-v1,0.2,9,2,409,0.003558540978701785,1123516416,0.125
svhn,ssb-v1,0.2,9,2,410,0.003464417008217424,1123516416,0.109375
svhn,ssb-v1,0.2,9,2,411,0.0033883340074680746,1123516416,0.1171875
svhn,ssb-v1,0.2,9,2,412,0.003248249995522201,1123516416,0.1015625
svhn,ssb-v1,0.2,9,2,413,0.0033515419927425683,1123516416,0.1328125
svhn,ssb-v1,0.2,9,2,414,0.003190499992342666,1123516416,0.1328125
svhn,ssb-v1,0.2,9,2,415,0.003323790995636955,1123516416,0.15625
svhn,ssb-v1,0.2,9,2,416,0.003233333001844585,1123516416,0.1640625
svhn,ssb-v1,0.2,9,2,417,0.003236999997170642,1123532800,0.1328125
svhn,ssb-v1,0.2,9,2,418,0.0032659160206094384,1123532800,0.1484375
svhn,ssb-v1,0.2,9,2,419,0.0032910839945543557,1123532800,0.1015625
svhn,ssb-v1,0.2,9,2,420,0.0033222500060219318,1123532800,0.1484375
svhn,ssb-v1,0.2,9,2,421,0.0033425840083509684,1123532800,0.140625
svhn,ssb-v1,0.2,9,2,422,0.003390583995496854,1123532800,0.1484375
svhn,ssb-v1,0.2,9,2,423,0.0034541659988462925,1123532800,0.1171875
svhn,ssb-v1,0.2,9,2,424,0.003432750003412366,1123532800,0.0859375
svhn,ssb-v1,0.2,9,2,425,0.003264167025918141,1123532800,0.1484375
svhn,ssb-v1,0.2,9,2,426,0.003260916972067207,1123532800,0.1484375
svhn,ssb-v1,0.2,9,2,427,0.003386540978681296,1123532800,0.1328125
svhn,ssb-v1,0.2,9,2,428,0.00333108298946172,1123532800,0.0859375
svhn,ssb-v1,0.2,9,2,429,0.0032813329889904708,1123532800,0.0546875
svhn,ssb-v1,0.2,9,2,430,0.0032984169956762344,1123532800,0.1171875
svhn,ssb-v1,0.2,9,2,431,0.003363042022101581,1123532800,0.1640625
svhn,ssb-v1,0.2,9,2,432,0.003249750006943941,1123532800,0.125
svhn,ssb-v1,0.2,9,2,433,0.0034004159970209002,1123532800,0.078125
svhn,ssb-v1,0.2,9,2,434,0.0034295419754926115,1123532800,0.109375
svhn,ssb-v1,0.2,9,2,435,0.003289458021754399,1123532800,0.1015625
svhn,ssb-v1,0.2,9,2,436,0.0033364999981131405,1123532800,0.140625
svhn,ssb-v1,0.2,9,2,437,0.0032972919871099293,1123532800,0.109375
svhn,ssb-v1,0.2,9,2,438,0.0032804160146042705,1123532800,0.2109375
svhn,ssb-v1,0.2,9,2,439,0.0034496669832151383,1123532800,0.1796875
svhn,ssb-v1,0.2,9,2,440,0.0033124999899882823,1123532800,0.203125
svhn,ssb-v1,0.2,9,2,441,0.0033342079841531813,1123532800,0.078125
svhn,ssb-v1,0.2,9,2,442,0.003395750012714416,1123532800,0.1328125
svhn,ssb-v1,0.2,9,2,443,0.0033274160232394934,1123532800,0.140625
svhn,ssb-v1,0.2,9,2,444,0.003339834016514942,1123532800,0.109375
svhn,ssb-v1,0.2,9,2,445,0.0034199579968117177,1123532800,0.0625
svhn,ssb-v1,0.2,9,2,446,0.0031981670181266963,1123532800,0.109375
svhn,ssb-v1,0.2,9,2,447,0.0033130420197267085,1123532800,0.09375
svhn,ssb-v1,0.2,9,2,448,0.0032871250004973263,1123532800,0.125
svhn,ssb-v1,0.2,9,2,449,0.0031512090063188225,1123532800,0.1015625
svhn,ssb-v1,0.2,9,2,450,0.0034132919972762465,1123532800,0.0859375
svhn,ssb-v1,0.2,9,2,451,0.0032539580133743584,1123532800,0.0546875
svhn,ssb-v1,0.2,9,2,452,0.003391417005332187,1123532800,0.0703125
svhn,ssb-v1,0.2,9,2,453,0.0033110830117948353,1123532800,0.109375
svhn,ssb-v1,0.2,9,2,454,0.00330941699212417,1123532800,0.109375
svhn,ssb-v1,0.2,9,2,455,0.0033466249878983945,1123532800,0.0859375
svhn,ssb-v1,0.2,9,2,456,0.0032982499978970736,1123532800,0.09375
svhn,ssb-v1,0.2,9,2,457,0.0033051249920390546,1123532800,0.109375
svhn,ssb-v1,0.2,9,2,458,0.0033269579871557653,1123532800,0.0859375
svhn,ssb-v1,0.2,9,2,459,0.010609667020617053,1124368384,0.09375
svhn,ssb-v1,0.2,9,2,460,0.0034063330094795674,1124794368,0.0546875
svhn,ssb-v1,0.2,9,2,461,0.0033605420030653477,1124794368,0.0859375
svhn,ssb-v1,0.2,9,2,462,0.0033912499784491956,1125089280,0.0703125
svhn,ssb-v1,0.2,9,2,463,0.0033675419981591403,1125089280,0.0625
svhn,ssb-v1,0.2,9,2,464,0.0032813750149216503,1125089280,0.046875
svhn,ssb-v1,0.2,9,2,465,0.0031778749835211784,1125089280,0.140625
svhn,ssb-v1,0.2,9,2,466,0.0032046670094132423,1125089280,0.203125
svhn,ssb-v1,0.2,9,2,467,0.009977917012292892,1125908480,0.0703125
svhn,ssb-v1,0.2,9,2,468,0.0033222910133190453,1126203392,0.109375
svhn,ssb-v1,0.2,9,2,469,0.0034353749942965806,1126416384,0.046875
svhn,ssb-v1,0.2,9,2,470,0.0033183750056196004,1126416384,0.1015625
svhn,ssb-v1,0.2,9,2,471,0.0033277919865213335,1126416384,0.1328125
svhn,ssb-v1,0.2,9,2,472,0.003221332997782156,1126432768,0.109375
svhn,ssb-v1,0.2,9,2,473,0.0033968330244533718,1126449152,0.125
svhn,ssb-v1,0.2,9,2,474,0.0032214999955613166,1126727680,0.046875
svhn,ssb-v1,0.2,9,2,475,0.003305916005047038,1126727680,0.125
svhn,ssb-v1,0.2,9,2,476,0.003238833014620468,1126760448,0.15625
svhn,ssb-v1,0.2,9,2,477,0.003310374973807484,1126776832,0.1953125
svhn,ssb-v1,0.2,9,2,478,0.003350874991156161,1126776832,0.1953125
svhn,ssb-v1,0.2,9,2,479,0.0033950000070035458,1126776832,0.1953125
svhn,ssb-v1,0.2,9,2,480,0.003362707997439429,1126776832,0.1484375
svhn,ssb-v1,0.2,9,2,481,0.009847958979662508,1127497728,0.1953125
svhn,ssb-v1,0.2,9,2,482,0.003458499995758757,1127563264,0.1171875
svhn,ssb-v1,0.2,9,2,483,0.0034273749915882945,1127743488,0.0859375
svhn,ssb-v1,0.2,9,2,484,0.0033507919870316982,1127743488,0.09375
svhn,ssb-v1,0.2,9,2,485,0.0032302500039804727,1127743488,0.09375
svhn,ssb-v1,0.2,9,2,486,0.0033645000075921416,1127743488,0.109375
svhn,ssb-v1,0.2,9,2,487,0.0033340420050080866,1127776256,0.109375
svhn,ssb-v1,0.2,9,2,488,0.0032580420083831996,1127776256,0.109375
svhn,ssb-v1,0.2,9,2,489,0.003315625013783574,1127776256,0.0859375
svhn,ssb-v1,0.2,9,2,490,0.0032854579912964255,1127776256,0.1484375
svhn,ssb-v1,0.2,9,2,491,0.003326667007058859,1128251392,0.1484375
svhn,ssb-v1,0.2,9,2,492,0.003368375007994473,1128251392,0.1328125
svhn,ssb-v1,0.2,9,2,493,0.0033232090063393116,1128251392,0.0625
svhn,ssb-v1,0.2,9,2,494,0.003376708016730845,1128267776,0.078125
svhn,ssb-v1,0.2,9,2,495,0.0033512089867144823,1128284160,0.0859375
svhn,ssb-v1,0.2,9,2,496,0.00330325000686571,1128284160,0.046875
svhn,ssb-v1,0.2,9,2,497,0.0032961250108201057,1128284160,0.0703125
svhn,ssb-v1,0.2,9,2,498,0.0033445419976487756,1128284160,0.0625
svhn,ssb-v1,0.2,9,2,499,0.0034274169884156436,1128284160,0.0625
svhn,ssb-v1,0.2,9,2,500,0.003262791986344382,1128300544,0.046875
svhn,ssb-v1,0.2,9,2,501,0.003337000001920387,1128300544,0.0625
svhn,ssb-v1,0.2,9,2,502,0.0033258750045206398,1128300544,0.015625
svhn,ssb-v1,0.2,9,2,503,0.003279583004768938,1128300544,0.09375
svhn,ssb-v1,0.2,9,2,504,0.0032897080236580223,1128300544,0.0390625
svhn,ssb-v1,0.2,9,2,505,0.003185375011526048,1128300544,0.0625
svhn,ssb-v1,0.2,9,2,506,0.003346625017002225,1128300544,0.09375
svhn,ssb-v1,0.2,9,2,507,0.003361749986652285,1128300544,0.1328125
svhn,ssb-v1,0.2,9,2,508,0.003305416990770027,1128300544,0.1875
svhn,ssb-v1,0.2,9,2,509,0.0033467500179540366,1128300544,0.21875
svhn,ssb-v1,0.2,9,2,510,0.0033488330082036555,1128300544,0.1796875
svhn,ssb-v1,0.2,9,2,511,0.003405166993616149,1128300544,0.1328125
svhn,ssb-v1,0.2,9,2,512,0.0032213339873123914,1128300544,0.171875
svhn,ssb-v1,0.2,9,2,513,0.003286082996055484,1128300544,0.1953125
svhn,ssb-v1,0.2,9,2,514,0.0034308329923078418,1128300544,0.1875
svhn,ssb-v1,0.2,9,2,515,0.0033202920167241246,1128300544,0.234375
svhn,ssb-v1,0.2,9,2,516,0.0033037499815691262,1128300544,0.203125
svhn,ssb-v1,0.2,9,2,517,0.003311334003228694,1128300544,0.1171875
svhn,ssb-v1,0.2,9,2,518,0.0032717499998398125,1128316928,0.1171875
svhn,ssb-v1,0.2,9,2,519,0.003276000003097579,1128316928,0.1171875
svhn,ssb-v1,0.2,9,2,520,0.0033300409850198776,1128333312,0.0703125
svhn,ssb-v1,0.2,9,2,521,0.003331666986923665,1128333312,0.078125
svhn,ssb-v1,0.2,9,2,522,0.0032372919959016144,1128333312,0.15625
svhn,ssb-v1,0.2,9,2,523,0.003348958009155467,1128333312,0.15625
svhn,ssb-v1,0.2,9,2,524,0.003318667004350573,1128333312,0.1171875
svhn,ssb-v1,0.2,9,2,525,0.0033420000108890235,1128333312,0.1015625
svhn,ssb-v1,0.2,9,2,526,0.0032930420129559934,1128333312,0.09375
svhn,ssb-v1,0.2,9,2,527,0.0033559589937794954,1128333312,0.15625
svhn,ssb-v1,0.2,9,2,528,0.0032632090151309967,1128333312,0.1484375
svhn,ssb-v1,0.2,9,2,529,0.0033265830134041607,1128349696,0.140625
svhn,ssb-v1,0.2,9,2,530,0.00317279199953191,1128349696,0.0859375
svhn,ssb-v1,0.2,9,2,531,0.003399042005185038,1128349696,0.15625
svhn,ssb-v1,0.2,9,2,532,0.0033377090003341436,1128349696,0.109375
svhn,ssb-v1,0.2,9,2,533,0.003274749993579462,1128349696,0.1640625
svhn,ssb-v1,0.2,9,2,534,0.003351249994011596,1128349696,0.09375
svhn,ssb-v1,0.2,9,2,535,0.003418292006244883,1128349696,0.0859375
svhn,ssb-v1,0.2,9,2,536,0.010502207995159552,1129267200,0.1015625
svhn,ssb-v1,0.2,9,2,537,0.0034787500044330955,1129578496,0.078125
svhn,ssb-v1,0.2,9,2,538,0.003307334001874551,1129578496,0.0546875
svhn,ssb-v1,0.2,9,2,539,0.0033970829972531646,1129971712,0.1015625
svhn,ssb-v1,0.2,9,2,540,0.0034753340005408973,1129971712,0.0390625
svhn,ssb-v1,0.2,9,2,541,0.0033292500011157244,1129971712,0.0546875
svhn,ssb-v1,0.2,9,2,542,0.003297334013041109,1129971712,0.078125
svhn,ssb-v1,0.2,9,2,543,0.0034286250011064112,1129971712,0.09375
svhn,ssb-v1,0.2,9,2,544,0.003326667007058859,1129971712,0.0546875
svhn,ssb-v1,0.2,9,2,545,0.0032134999928530306,1129971712,0.0546875
svhn,ssb-v1,0.2,9,2,546,0.0033724999811965972,1129971712,0.0625
svhn,ssb-v1,0.2,9,2,547,0.003239292011130601,1129971712,0.1796875
svhn,ssb-v1,0.2,9,2,548,0.003403082984732464,1129971712,0.109375
svhn,ssb-v1,0.2,9,2,549,0.003317832975881174,1129971712,0.1484375
svhn,ssb-v1,0.2,9,2,550,0.0031689579773228616,1129971712,0.1171875
svhn,ssb-v1,0.2,9,2,551,0.00315858400426805,1129971712,0.0859375
svhn,ssb-v1,0.2,9,2,552,0.003304333018604666,1129971712,0.140625
svhn,ssb-v1,0.2,9,2,553,0.0032812500139698386,1129971712,0.1953125
svhn,ssb-v1,0.2,9,2,554,0.0031322920112870634,1129971712,0.2109375
svhn,ssb-v1,0.2,9,2,555,0.0031256660004146397,1129971712,0.1953125
svhn,ssb-v1,0.2,9,2,556,0.003284333972260356,1129971712,0.1875
svhn,ssb-v1,0.2,9,2,557,0.00320958299562335,1129971712,0.2265625
svhn,ssb-v1,0.2,9,2,558,0.003334749984787777,1129971712,0.171875
svhn,ssb-v1,0.2,9,2,559,0.0032262919994536787,1129971712,0.0859375
svhn,ssb-v1,0.2,9,2,560,0.0032413339940831065,1129971712,0.0859375
svhn,ssb-v1,0.2,9,2,561,0.003386083000805229,1129971712,0.03125
svhn,ssb-v1,0.2,9,2,562,0.003371625003637746,1129971712,0.0390625
svhn,ssb-v1,0.2,9,2,563,0.0033513749949634075,1129971712,0.1171875
svhn,ssb-v1,0.2,9,2,564,0.003209500020602718,1129971712,0.15625
svhn,ssb-v1,0.2,9,2,565,0.003514166979584843,1129971712,0.1015625
svhn,ssb-v1,0.2,9,2,566,0.0032787500240374357,1129971712,0.140625
svhn,ssb-v1,0.2,9,2,567,0.0032496250059921294,1129971712,0.109375
svhn,ssb-v1,0.2,9,2,568,0.0033854579960461706,1129971712,0.0859375
svhn,ssb-v1,0.2,9,2,569,0.0032555420184507966,1129971712,0.0859375
svhn,ssb-v1,0.2,9,2,570,0.0033359999943058938,1129971712,0.1328125
svhn,ssb-v1,0.2,9,2,571,0.0033128329960163683,1129971712,0.1171875
svhn,ssb-v1,0.2,9,2,572,0.03171266699791886,1133740032,0.12195121951219512
svhn,ssb-v1,0.2,9,3,0,0.003422334004426375,1136492544,0.171875
svhn,ssb-v1,0.2,9,3,1,0.0035409580159466714,1136492544,0.171875
svhn,ssb-v1,0.2,9,3,2,0.0032420420029666275,1136492544,0.0859375
svhn,ssb-v1,0.2,9,3,3,0.003502625011606142,1136492544,0.1015625
svhn,ssb-v1,0.2,9,3,4,0.003451707976637408,1136492544,0.0859375
svhn,ssb-v1,0.2,9,3,5,0.0033804580161813647,1136492544,0.078125
svhn,ssb-v1,0.2,9,3,6,0.003320666990475729,1136492544,0.0859375
svhn,ssb-v1,0.2,9,3,7,0.003386917000170797,1136492544,0.0546875
svhn,ssb-v1,0.2,9,3,8,0.0034048749948851764,1136492544,0.03125
svhn,ssb-v1,0.2,9,3,9,0.0033097089908551425,1136492544,0.0390625
svhn,ssb-v1,0.2,9,3,10,0.003256041993154213,1136492544,0.1796875
svhn,ssb-v1,0.2,9,3,11,0.0033359160006511956,1136492544,0.1640625
svhn,ssb-v1,0.2,9,3,12,0.003372666018549353,1136492544,0.15625
svhn,ssb-v1,0.2,9,3,13,0.00420270801987499,1136492544,0.1640625
svhn,ssb-v1,0.2,9,3,14,0.005062290991190821,1138262016,0.078125
svhn,ssb-v1,0.2,9,3,15,0.0036954999959561974,1138262016,0.0859375
svhn,ssb-v1,0.2,9,3,16,0.0037274160131346434,1138262016,0.078125
svhn,ssb-v1,0.2,9,3,17,0.004546167008811608,1138262016,0.0625
svhn,ssb-v1,0.2,9,3,18,0.014877542009344324,1139146752,0.0546875
svhn,ssb-v1,0.2,9,3,19,0.011926749983103946,1140129792,0.0859375
svhn,ssb-v1,0.2,9,3,20,0.00971275000483729,1141030912,0.0625
svhn,ssb-v1,0.2,9,3,21,0.0035459170176181942,1141669888,0.0546875
svhn,ssb-v1,0.2,9,3,22,0.0034526659874245524,1141669888,0.0390625
svhn,ssb-v1,0.2,9,3,23,0.0034824169997591525,1141669888,0.1015625
svhn,ssb-v1,0.2,9,3,24,0.0033164999913424253,1141669888,0.109375
svhn,ssb-v1,0.2,9,3,25,0.003398125001695007,1141669888,0.078125
svhn,ssb-v1,0.2,9,3,26,0.0034586249967105687,1141669888,0.0703125
svhn,ssb-v1,0.2,9,3,27,0.0034134169982280582,1142079488,0.078125
svhn,ssb-v1,0.2,9,3,28,0.0033731249859556556,1142079488,0.0703125
svhn,ssb-v1,0.2,9,3,29,0.00331445800838992,1142079488,0.0078125
svhn,ssb-v1,0.2,9,3,30,0.0033636670268606395,1142079488,0.078125
svhn,ssb-v1,0.2,9,3,31,0.0032474169856868684,1142079488,0.0859375
svhn,ssb-v1,0.2,9,3,32,0.0033479580015409738,1142079488,0.09375
svhn,ssb-v1,0.2,9,3,33,0.0032496250059921294,1142079488,0.1328125
svhn,ssb-v1,0.2,9,3,34,0.003360792004968971,1142079488,0.0859375
svhn,ssb-v1,0.2,9,3,35,0.0033491249778307974,1142079488,0.09375
svhn,ssb-v1,0.2,9,3,36,0.003233166004065424,1142079488,0.09375
svhn,ssb-v1,0.2,9,3,37,0.003373500017914921,1142079488,0.140625
svhn,ssb-v1,0.2,9,3,38,0.003241917002014816,1142079488,0.234375
svhn,ssb-v1,0.2,9,3,39,0.0033942500012926757,1142079488,0.1640625
svhn,ssb-v1,0.2,9,3,40,0.0034264579880982637,1142079488,0.1875
svhn,ssb-v1,0.2,9,3,41,0.0034275420184712857,1142079488,0.1640625
svhn,ssb-v1,0.2,9,3,42,0.0034113749861717224,1142079488,0.1328125
svhn,ssb-v1,0.2,9,3,43,0.00338024998200126,1142079488,0.1875
svhn,ssb-v1,0.2,9,3,44,0.0033457499812357128,1142079488,0.125
svhn,ssb-v1,0.2,9,3,45,0.003486290981527418,1142079488,0.15625
svhn,ssb-v1,0.2,9,3,46,0.0033360410016030073,1142079488,0.0859375
svhn,ssb-v1,0.2,9,3,47,0.003408249991480261,1142079488,0.1015625
svhn,ssb-v1,0.2,9,3,48,0.0034120829950552434,1142079488,0.046875
svhn,ssb-v1,0.2,9,3,49,0.0033044169831555337,1142079488,0.0703125
svhn,ssb-v1,0.2,9,3,50,0.010516540991375223,1142915072,0.03125
svhn,ssb-v1,0.2,9,3,51,0.008967166009824723,1143717888,0.046875
svhn,ssb-v1,0.2,9,3,52,0.0034517500025685877,1144045568,0.0703125
svhn,ssb-v1,0.2,9,3,53,0.009139333997154608,1145225216,0.0859375
svhn,ssb-v1,0.2,9,3,54,0.0033713330049067736,1145225216,0.078125
svhn,ssb-v1,0.2,9,3,55,0.003223916020942852,1146437632,0.0390625
svhn,ssb-v1,0.2,9,3,56,0.0033499580167699605,1146585088,0.0546875
svhn,ssb-v1,0.2,9,3,57,0.003431999997701496,1146585088,0.0234375
svhn,ssb-v1,0.2,9,3,58,0.003381500020623207,1146585088,0.0546875
svhn,ssb-v1,0.2,9,3,59,0.003408000018680468,1146585088,0.0703125
svhn,ssb-v1,0.2,9,3,60,0.0036652919952757657,1146585088,0.0546875
svhn,ssb-v1,0.2,9,3,61,0.0033777500211726874,1146585088,0.21875
svhn,ssb-v1,0.2,9,3,62,0.0035991249897051603,1146585088,0.15625
svhn,ssb-v1,0.2,9,3,63,0.0038257079722825438,1146585088,0.0859375
svhn,ssb-v1,0.2,9,3,64,0.004376583005068824,1146585088,0.078125
svhn,ssb-v1,0.2,9,3,65,0.0058602919743862,1146585088,0.03125
svhn,ssb-v1,0.2,9,3,66,0.005924791999859735,1146585088,0.078125
svhn,ssb-v1,0.2,9,3,67,0.004729457985376939,1146585088,0.0546875
svhn,ssb-v1,0.2,9,3,68,0.00381933301105164,1146585088,0.0390625
svhn,ssb-v1,0.2,9,3,69,0.003508083987981081,1146585088,0.0703125
svhn,ssb-v1,0.2,9,3,70,0.0033751250011846423,1146585088,0.1015625
svhn,ssb-v1,0.2,9,3,71,0.00327687498065643,1146585088,0.0703125
svhn,ssb-v1,0.2,9,3,72,0.0034285419969819486,1146585088,0.0625
svhn,ssb-v1,0.2,9,3,73,0.0033439589897170663,1146585088,0.078125
svhn,ssb-v1,0.2,9,3,74,0.003235042007872835,1146585088,0.0703125
svhn,ssb-v1,0.2,9,3,75,0.0031615839980077,1146585088,0.0546875
svhn,ssb-v1,0.2,9,3,76,0.0033759999787434936,1146585088,0.203125
svhn,ssb-v1,0.2,9,3,77,0.0031814169778954238,1146585088,0.1171875
svhn,ssb-v1,0.2,9,3,78,0.0032766660151537508,1146585088,0.109375
svhn,ssb-v1,0.2,9,3,79,0.003331916988827288,1146585088,0.1171875
svhn,ssb-v1,0.2,9,3,80,0.01087500000721775,1147535360,0.125
svhn,ssb-v1,0.2,9,3,81,0.003389374993275851,1147535360,0.125
svhn,ssb-v1,0.2,9,3,82,0.003230125003028661,1147551744,0.09375
svhn,ssb-v1,0.2,9,3,83,0.0032467920100316405,1147551744,0.1171875
svhn,ssb-v1,0.2,9,3,84,0.003309749998152256,1147551744,0.1484375
svhn,ssb-v1,0.2,9,3,85,0.0033545829937793314,1147551744,0.171875
svhn,ssb-v1,0.2,9,3,86,0.0033743749954737723,1148076032,0.125
svhn,ssb-v1,0.2,9,3,87,0.0032700000156182796,1148092416,0.1171875
svhn,ssb-v1,0.2,9,3,88,0.00334045899217017,1148092416,0.1171875
svhn,ssb-v1,0.2,9,3,89,0.003157416998874396,1148092416,0.09375
svhn,ssb-v1,0.2,9,3,90,0.0032513340120203793,1148092416,0.140625
svhn,ssb-v1,0.2,9,3,91,0.003393749997485429,1148092416,0.0859375
svhn,ssb-v1,0.2,9,3,92,0.003511209011776373,1148092416,0.09375
svhn,ssb-v1,0.2,9,3,93,0.0034019580052699894,1148092416,0.1171875
svhn,ssb-v1,0.2,9,3,94,0.003275875002145767,1148092416,0.1328125
svhn,ssb-v1,0.2,9,3,95,0.0032601249986328185,1148092416,0.1171875
svhn,ssb-v1,0.2,9,3,96,0.0033140839950647205,1148092416,0.09375
svhn,ssb-v1,0.2,9,3,97,0.003329917002702132,1148092416,0.1171875
svhn,ssb-v1,0.2,9,3,98,0.003217332996428013,1148092416,0.125
svhn,ssb-v1,0.2,9,3,99,0.003369207988725975,1148092416,0.1171875
svhn,ssb-v1,0.2,9,3,100,0.0033543750178068876,1148092416,0.171875
svhn,ssb-v1,0.2,9,3,101,0.003341875009937212,1148092416,0.1953125
svhn,ssb-v1,0.2,9,3,102,0.003353333013365045,1148092416,0.15625
svhn,ssb-v1,0.2,9,3,103,0.0032767079828772694,1148108800,0.15625
svhn,ssb-v1,0.2,9,3,104,0.0034092080022674054,1148108800,0.0859375
svhn,ssb-v1,0.2,9,3,105,0.003394333994947374,1148108800,0.1328125
svhn,ssb-v1,0.2,9,3,106,0.0034583749948069453,1148108800,0.1328125
svhn,ssb-v1,0.2,9,3,107,0.003342749987496063,1148108800,0.1015625
svhn,ssb-v1,0.2,9,3,108,0.003343624994158745,1148108800,0.125
svhn,ssb-v1,0.2,9,3,109,0.0034123749937862158,1148108800,0.09375
svhn,ssb-v1,0.2,9,3,110,0.003400999994482845,1148108800,0.2109375
svhn,ssb-v1,0.2,9,3,111,0.003302458004327491,1148108800,0.1640625
svhn,ssb-v1,0.2,9,3,112,0.0034357499971520156,1148108800,0.21875
svhn,ssb-v1,0.2,9,3,113,0.0033462079882156104,1148108800,0.171875
svhn,ssb-v1,0.2,9,3,114,0.003472666023299098,1148108800,0.0546875
svhn,ssb-v1,0.2,9,3,115,0.003345167002407834,1148108800,0.0390625
svhn,ssb-v1,0.2,9,3,116,0.003429500007769093,1148108800,0.125
svhn,ssb-v1,0.2,9,3,117,0.003372750012204051,1148108800,0.2578125
svhn,ssb-v1,0.2,9,3,118,0.0034373750095255673,1148108800,0.21875
svhn,ssb-v1,0.2,9,3,119,0.003316207992611453,1148108800,0.2109375
svhn,ssb-v1,0.2,9,3,120,0.003331457992317155,1148108800,0.203125
svhn,ssb-v1,0.2,9,3,121,0.003524832980474457,1148108800,0.265625
svhn,ssb-v1,0.2,9,3,122,0.0033974999969359487,1148108800,0.078125
svhn,ssb-v1,0.2,9,3,123,0.003398291999474168,1148108800,0.1171875
svhn,ssb-v1,0.2,9,3,124,0.0033886670134961605,1148108800,0.0546875
svhn,ssb-v1,0.2,9,3,125,0.0032505830167792737,1148108800,0.109375
svhn,ssb-v1,0.2,9,3,126,0.003478291997453198,1148108800,0.109375
svhn,ssb-v1,0.2,9,3,127,0.0034469160018488765,1148108800,0.078125
svhn,ssb-v1,0.2,9,3,128,0.0034020000020973384,1148108800,0.0546875
svhn,ssb-v1,0.2,9,3,129,0.0032756660075392574,1148108800,0.046875
svhn,ssb-v1,0.2,9,3,130,0.0034253339981660247,1148108800,0.109375
svhn,ssb-v1,0.2,9,3,131,0.003423208021558821,1148108800,0.125
svhn,ssb-v1,0.2,9,3,132,0.003455208003288135,1148108800,0.0859375
svhn,ssb-v1,0.2,9,3,133,0.0033974160032812506,1148108800,0.1484375
svhn,ssb-v1,0.2,9,3,134,0.0031998329795897007,1148108800,0.0859375
svhn,ssb-v1,0.2,9,3,135,0.003263457998400554,1148108800,0.0703125
svhn,ssb-v1,0.2,9,3,136,0.0033170420210808516,1148108800,0.0546875
svhn,ssb-v1,0.2,9,3,137,0.0034260420070495456,1148108800,0.09375
svhn,ssb-v1,0.2,9,3,138,0.003401166992262006,1148108800,0.0546875
svhn,ssb-v1,0.2,9,3,139,0.0033503330196253955,1148108800,0.0859375
svhn,ssb-v1,0.2,9,3,140,0.003321541997138411,1148108800,0.0625
svhn,ssb-v1,0.2,9,3,141,0.0032575410150457174,1148108800,0.1015625
svhn,ssb-v1,0.2,9,3,142,0.0032400830241385847,1148108800,0.03125
svhn,ssb-v1,0.2,9,3,143,0.0033498329867143184,1148108800,0.0625
svhn,ssb-v1,0.2,9,3,144,0.003366499993717298,1148108800,0.09375
svhn,ssb-v1,0.2,9,3,145,0.003381458023795858,1148108800,0.0390625
svhn,ssb-v1,0.2,9,3,146,0.003340416995342821,1148108800,0.078125
svhn,ssb-v1,0.2,9,3,147,0.003330125007778406,1148108800,0.0625
svhn,ssb-v1,0.2,9,3,148,0.003336833993671462,1148108800,0.0703125
svhn,ssb-v1,0.2,9,3,149,0.0033537920098751783,1148108800,0.0625
svhn,ssb-v1,0.2,9,3,150,0.003330167004605755,1148108800,0.1328125
svhn,ssb-v1,0.2,9,3,151,0.0032430000137537718,1148108800,0.1015625
svhn,ssb-v1,0.2,9,3,152,0.003297709015896544,1148108800,0.0625
svhn,ssb-v1,0.2,9,3,153,0.0032929580193012953,1148108800,0.1796875
svhn,ssb-v1,0.2,9,3,154,0.003304417012259364,1148108800,0.140625
svhn,ssb-v1,0.2,9,3,155,0.003302333992905915,1148108800,0.1328125
svhn,ssb-v1,0.2,9,3,156,0.003354124986799434,1148108800,0.15625
svhn,ssb-v1,0.2,9,3,157,0.0032793749996926636,1148108800,0.1953125
svhn,ssb-v1,0.2,9,3,158,0.0034302079875487834,1148108800,0.1640625
svhn,ssb-v1,0.2,9,3,159,0.003326542006107047,1148108800,0.09375
svhn,ssb-v1,0.2,9,3,160,0.0033123329922091216,1148108800,0.140625
svhn,ssb-v1,0.2,9,3,161,0.0033170000242535025,1148108800,0.1796875
svhn,ssb-v1,0.2,9,3,162,0.0033469590125605464,1148108800,0.1484375
svhn,ssb-v1,0.2,9,3,163,0.003284124977653846,1148108800,0.140625
svhn,ssb-v1,0.2,9,3,164,0.0033424579887650907,1148108800,0.2421875
svhn,ssb-v1,0.2,9,3,165,0.003332416992634535,1148108800,0.296875
svhn,ssb-v1,0.2,9,3,166,0.0033886670134961605,1148108800,0.15625
svhn,ssb-v1,0.2,9,3,167,0.003322458011098206,1148108800,0.109375
svhn,ssb-v1,0.2,9,3,168,0.003322917007608339,1148108800,0.1171875
svhn,ssb-v1,0.2,9,3,169,0.0033140000014100224,1148108800,0.0859375
svhn,ssb-v1,0.2,9,3,170,0.0032033750030677766,1148108800,0.140625
svhn,ssb-v1,0.2,9,3,171,0.003275458002462983,1148108800,0.0546875
svhn,ssb-v1,0.2,9,3,172,0.0031407079950440675,1148108800,0.1171875
svhn,ssb-v1,0.2,9,3,173,0.0032939999946393073,1148108800,0.09375
svhn,ssb-v1,0.2,9,3,174,0.003274665999924764,1148108800,0.09375
svhn,ssb-v1,0.2,9,3,175,0.0031904589850455523,1148108800,0.09375
svhn,ssb-v1,0.2,9,3,176,0.003318416012916714,1148108800,0.125
svhn,ssb-v1,0.2,9,3,177,0.0033686670067254454,1148108800,0.09375
svhn,ssb-v1,0.2,9,3,178,0.0033997499849647284,1148108800,0.0703125
svhn,ssb-v1,0.2,9,3,179,0.0034989999840036035,1148108800,0.0625
svhn,ssb-v1,0.2,9,3,180,0.0033417920058127493,1148108800,0.0859375
svhn,ssb-v1,0.2,9,3,181,0.003309374995296821,1148108800,0.125
svhn,ssb-v1,0.2,9,3,182,0.003390459023648873,1148108800,0.1171875
svhn,ssb-v1,0.2,9,3,183,0.003246334003051743,1148108800,0.1640625
svhn,ssb-v1,0.2,9,3,184,0.0034385829931125045,1148108800,0.09375
svhn,ssb-v1,0.2,9,3,185,0.0034150419814977795,1148108800,0.1484375
svhn,ssb-v1,0.2,9,3,186,0.003148999996483326,1148108800,0.09375
svhn,ssb-v1,0.2,9,3,187,0.003311166976345703,1148108800,0.125
svhn,ssb-v1,0.2,9,3,188,0.0033707089896779507,1148108800,0.1015625
svhn,ssb-v1,0.2,9,3,189,0.0032982090197037905,1148108800,0.1484375
svhn,ssb-v1,0.2,9,3,190,0.0033315409964416176,1148108800,0.1875
svhn,ssb-v1,0.2,9,3,191,0.003424166003242135,1148108800,0.1015625
svhn,ssb-v1,0.2,9,3,192,0.0032002909865695983,1148108800,0.1328125
svhn,ssb-v1,0.2,9,3,193,0.0032791669946163893,1148108800,0.1015625
svhn,ssb-v1,0.2,9,3,194,0.003326292004203424,1148108800,0.0859375
svhn,ssb-v1,0.2,9,3,195,0.0033539169817231596,1148108800,0.1015625
svhn,ssb-v1,0.2,9,3,196,0.003389290999621153,1148108800,0.1015625
svhn,ssb-v1,0.2,9,3,197,0.0033435829973313957,1148108800,0.09375
svhn,ssb-v1,0.2,9,3,198,0.0033363330003339797,1148108800,0.046875
svhn,ssb-v1,0.2,9,3,199,0.0033082909940276295,1148108800,0.109375
svhn,ssb-v1,0.2,9,3,200,0.0033819999953266233,1148108800,0.09375
svhn,ssb-v1,0.2,9,3,201,0.0032695839763619006,1148108800,0.0859375
svhn,ssb-v1,0.2,9,3,202,0.003381083981366828,1148108800,0.1640625
svhn,ssb-v1,0.2,9,3,203,0.003394333994947374,1148108800,0.1015625
svhn,ssb-v1,0.2,9,3,204,0.003426374983973801,1148108800,0.0859375
svhn,ssb-v1,0.2,9,3,205,0.0033107920025940984,1148108800,0.09375
svhn,ssb-v1,0.2,9,3,206,0.003277791984146461,1148108800,0.1015625
svhn,ssb-v1,0.2,9,3,207,0.0032987500017043203,1148108800,0.125
svhn,ssb-v1,0.2,9,3,208,0.0033378330117557198,1148108800,0.1171875
svhn,ssb-v1,0.2,9,3,209,0.0033540420117788017,1148108800,0.078125
svhn,ssb-v1,0.2,9,3,210,0.0033849580213427544,1148108800,0.1015625
svhn,ssb-v1,0.2,9,3,211,0.0034341670107096434,1148108800,0.1484375
svhn,ssb-v1,0.2,9,3,212,0.0033913750085048378,1148108800,0.1953125
svhn,ssb-v1,0.2,9,3,213,0.003350083017721772,1148108800,0.125
svhn,ssb-v1,0.2,9,3,214,0.0034500839828979224,1148108800,0.1953125
svhn,ssb-v1,0.2,9,3,215,0.0033385840069968253,1148125184,0.125
svhn,ssb-v1,0.2,9,3,216,0.003319792012916878,1148125184,0.09375
svhn,ssb-v1,0.2,9,3,217,0.0033626669901423156,1148125184,0.140625
svhn,ssb-v1,0.2,9,3,218,0.0033397499937564135,1148125184,0.0703125
svhn,ssb-v1,0.2,9,3,219,0.003318125003715977,1148125184,0.0625
svhn,ssb-v1,0.2,9,3,220,0.003258833981817588,1148125184,0.0859375
svhn,ssb-v1,0.2,9,3,221,0.003382042021257803,1148141568,0.1953125
svhn,ssb-v1,0.2,9,3,222,0.003313041990622878,1148141568,0.1953125
svhn,ssb-v1,0.2,9,3,223,0.0033106670016422868,1148141568,0.171875
svhn,ssb-v1,0.2,9,3,224,0.003219583013560623,1148157952,0.1796875
svhn,ssb-v1,0.2,9,3,225,0.0033682500070426613,1148157952,0.234375
svhn,ssb-v1,0.2,9,3,226,0.0032479579967912287,1148157952,0.234375
svhn,ssb-v1,0.2,9,3,227,0.003333875007228926,1148157952,0.234375
svhn,ssb-v1,0.2,9,3,228,0.0033341670059598982,1148157952,0.1796875
svhn,ssb-v1,0.2,9,3,229,0.003342916985275224,1148157952,0.21875
svhn,ssb-v1,0.2,9,3,230,0.0033567089994903654,1148157952,0.1640625
svhn,ssb-v1,0.2,9,3,231,0.003359583002747968,1148157952,0.1171875
svhn,ssb-v1,0.2,9,3,232,0.0033785830019041896,1148157952,0.125
svhn,ssb-v1,0.2,9,3,233,0.00341799997841008,1148157952,0.109375
svhn,ssb-v1,0.2,9,3,234,0.0034301250125281513,1148157952,0.125
svhn,ssb-v1,0.2,9,3,235,0.003262958984123543,1148157952,0.125
svhn,ssb-v1,0.2,9,3,236,0.0033752089948393404,1148157952,0.1171875
svhn,ssb-v1,0.2,9,3,237,0.0034400830045342445,1148174336,0.0703125
svhn,ssb-v1,0.2,9,3,238,0.003370833001099527,1148174336,0.0703125
svhn,ssb-v1,0.2,9,3,239,0.0033881249837577343,1148174336,0.1015625
svhn,ssb-v1,0.2,9,3,240,0.003170374984620139,1148174336,0.046875
svhn,ssb-v1,0.2,9,3,241,0.0033244999940507114,1148174336,0.0859375
svhn,ssb-v1,0.2,9,3,242,0.003329666011268273,1148174336,0.1015625
svhn,ssb-v1,0.2,9,3,243,0.0033364580012857914,1148174336,0.1875
svhn,ssb-v1,0.2,9,3,244,0.0034253750054631382,1148174336,0.1875
svhn,ssb-v1,0.2,9,3,245,0.003187833004631102,1148190720,0.1171875
svhn,ssb-v1,0.2,9,3,246,0.0031864579941611737,1148190720,0.15625
svhn,ssb-v1,0.2,9,3,247,0.0033197080192621797,1148207104,0.1953125
svhn,ssb-v1,0.2,9,3,248,0.0033269159903284162,1148207104,0.1640625
svhn,ssb-v1,0.2,9,3,249,0.0034094160073436797,1148207104,0.171875
svhn,ssb-v1,0.2,9,3,250,0.0034423339820932597,1148207104,0.15625
svhn,ssb-v1,0.2,9,3,251,0.00333874998614192,1148207104,0.140625
svhn,ssb-v1,0.2,9,3,252,0.0033062919974327087,1148207104,0.1171875
svhn,ssb-v1,0.2,9,3,253,0.0032601249986328185,1148207104,0.2109375
svhn,ssb-v1,0.2,9,3,254,0.0033277499896939844,1148207104,0.03125
svhn,ssb-v1,0.2,9,3,255,0.0033130829979199916,1148207104,0.1171875
svhn,ssb-v1,0.2,9,3,256,0.0033822499972302467,1148207104,0.1796875
svhn,ssb-v1,0.2,9,3,257,0.003446250018896535,1148207104,0.125
svhn,ssb-v1,0.2,9,3,258,0.003313791996333748,1148207104,0.0703125
svhn,ssb-v1,0.2,9,3,259,0.0033182919723913074,1148207104,0.0546875
svhn,ssb-v1,0.2,9,3,260,0.0033106670016422868,1148207104,0.0390625
svhn,ssb-v1,0.2,9,3,261,0.0034032499825116247,1148207104,0.078125
svhn,ssb-v1,0.2,9,3,262,0.00334399999701418,1148207104,0.0625
svhn,ssb-v1,0.2,9,3,263,0.003288792009698227,1148207104,0.2265625
svhn,ssb-v1,0.2,9,3,264,0.003192333009792492,1148207104,0.234375
svhn,ssb-v1,0.2,9,3,265,0.0033453749783802778,1148207104,0.1875
svhn,ssb-v1,0.2,9,3,266,0.0031667920120526105,1148207104,0.1328125
svhn,ssb-v1,0.2,9,3,267,0.0033818329975474626,1148207104,0.0703125
svhn,ssb-v1,0.2,9,3,268,0.00333354200120084,1148207104,0.0703125
svhn,ssb-v1,0.2,9,3,269,0.003283958008978516,1148207104,0.0859375
svhn,ssb-v1,0.2,9,3,270,0.003378666006028652,1148207104,0.046875
svhn,ssb-v1,0.2,9,3,271,0.0032917500066105276,1148207104,0.0859375
svhn,ssb-v1,0.2,9,3,272,0.003303874982520938,1148207104,0.0390625
svhn,ssb-v1,0.2,9,3,273,0.0032864160020835698,1148207104,0.125
svhn,ssb-v1,0.2,9,3,274,0.00335595800424926,1148207104,0.078125
svhn,ssb-v1,0.2,9,3,275,0.0032997909875120968,1148207104,0.0703125
svhn,ssb-v1,0.2,9,3,276,0.0033341249800287187,1148223488,0.0625
svhn,ssb-v1,0.2,9,3,277,0.0032900419901125133,1148239872,0.0859375
svhn,ssb-v1,0.2,9,3,278,0.003275249997386709,1148239872,0.1015625
svhn,ssb-v1,0.2,9,3,279,0.0033037080138456076,1148239872,0.1015625
svhn,ssb-v1,0.2,9,3,280,0.003300291980849579,1148239872,0.125
svhn,ssb-v1,0.2,9,3,281,0.010787957988213748,1149272064,0.1171875
svhn,ssb-v1,0.2,9,3,282,0.0033950000070035458,1149272064,0.109375
svhn,ssb-v1,0.2,9,3,283,0.003455666999798268,1149272064,0.125
svhn,ssb-v1,0.2,9,3,284,0.003411874989978969,1149714432,0.078125
svhn,ssb-v1,0.2,9,3,285,0.003234167001210153,1149714432,0.078125
svhn,ssb-v1,0.2,9,3,286,0.0032611660135444254,1149894656,0.09375
svhn,ssb-v1,0.2,9,3,287,0.0033504590101074427,1149894656,0.0625
svhn,ssb-v1,0.2,9,3,288,0.0032693749817553908,1149894656,0.0625
svhn,ssb-v1,0.2,9,3,289,0.0032470419828314334,1149894656,0.0625
svhn,ssb-v1,0.2,9,3,290,0.0034134580055251718,1149894656,0.0703125
svhn,ssb-v1,0.2,9,3,291,0.003424790978897363,1149894656,0.078125
svhn,ssb-v1,0.2,9,3,292,0.0033485419990029186,1149894656,0.0859375
svhn,ssb-v1,0.2,9,3,293,0.0034172500018030405,1149894656,0.0703125
svhn,ssb-v1,0.2,9,3,294,0.003358541987836361,1149894656,0.078125
svhn,ssb-v1,0.2,9,3,295,0.003397416992811486,1149894656,0.0390625
svhn,ssb-v1,0.2,9,3,296,0.003393791994312778,1149894656,0.078125
svhn,ssb-v1,0.2,9,3,297,0.0033211249974556267,1149894656,0.0703125
svhn,ssb-v1,0.2,9,3,298,0.003273582988185808,1149894656,0.0703125
svhn,ssb-v1,0.2,9,3,299,0.0031805420003365725,1149894656,0.0625
svhn,ssb-v1,0.2,9,3,300,0.0033336250053253025,1149894656,0.0390625
svhn,ssb-v1,0.2,9,3,301,0.00325354200322181,1149894656,0.0390625
svhn,ssb-v1,0.2,9,3,302,0.0035042919917032123,1149894656,0.0625
svhn,ssb-v1,0.2,9,3,303,0.010735750023741275,1150713856,0.125
svhn,ssb-v1,0.2,9,3,304,0.0033682500070426613,1151123456,0.1328125
svhn,ssb-v1,0.2,9,3,305,0.003367249999428168,1151123456,0.09375
svhn,ssb-v1,0.2,9,3,306,0.00331520801410079,1151139840,0.1171875
svhn,ssb-v1,0.2,9,3,307,0.0033859169925563037,1151320064,0.0703125
svhn,ssb-v1,0.2,9,3,308,0.0034898749727290124,1151336448,0.09375
svhn,ssb-v1,0.2,9,3,309,0.0033585420169401914,1151336448,0.0859375
svhn,ssb-v1,0.2,9,3,310,0.0033625829964876175,1151336448,0.1796875
svhn,ssb-v1,0.2,9,3,311,0.00345408299472183,1151336448,0.171875
svhn,ssb-v1,0.2,9,3,312,0.003397458989638835,1151336448,0.171875
svhn,ssb-v1,0.2,9,3,313,0.0033079170098062605,1151336448,0.1796875
svhn,ssb-v1,0.2,9,3,314,0.0034072090056724846,1151336448,0.15625
svhn,ssb-v1,0.2,9,3,315,0.0033568750077392906,1151336448,0.2109375
svhn,ssb-v1,0.2,9,3,316,0.003371583006810397,1151336448,0.21875
svhn,ssb-v1,0.2,9,3,317,0.0033463750150986016,1151336448,0.140625
svhn,ssb-v1,0.2,9,3,318,0.003363458003150299,1151336448,0.2109375
svhn,ssb-v1,0.2,9,3,319,0.0031152080046012998,1151336448,0.2421875
svhn,ssb-v1,0.2,9,3,320,0.0034525000082794577,1151336448,0.1796875
svhn,ssb-v1,0.2,9,3,321,0.0033460829872637987,1151336448,0.203125
svhn,ssb-v1,0.2,9,3,322,0.003473791992291808,1151336448,0.1015625
svhn,ssb-v1,0.2,9,3,323,0.0033710419957060367,1151336448,0.1171875
svhn,ssb-v1,0.2,9,3,324,0.0034235409984830767,1151336448,0.1796875
svhn,ssb-v1,0.2,9,3,325,0.0034637500066310167,1151336448,0.140625
svhn,ssb-v1,0.2,9,3,326,0.0033712089934851974,1151336448,0.1875
svhn,ssb-v1,0.2,9,3,327,0.003382958995644003,1151336448,0.15625
svhn,ssb-v1,0.2,9,3,328,0.010786166996695101,1152155648,0.09375
svhn,ssb-v1,0.2,9,3,329,0.003424041991820559,1152368640,0.15625
svhn,ssb-v1,0.2,9,3,330,0.0033076660183724016,1152368640,0.0546875
svhn,ssb-v1,0.2,9,3,331,0.0032957920047920197,1152368640,0.09375
svhn,ssb-v1,0.2,9,3,332,0.003416416991967708,1152794624,0.1015625
svhn,ssb-v1,0.2,9,3,333,0.003227709006750956,1152794624,0.1171875
svhn,ssb-v1,0.2,9,3,334,0.00348212500102818,1152794624,0.0703125
svhn,ssb-v1,0.2,9,3,335,0.0031612919992767274,1152811008,0.0859375
svhn,ssb-v1,0.2,9,3,336,0.0031675420177634805,1152811008,0.0625
svhn,ssb-v1,0.2,9,3,337,0.0034003329928964376,1152811008,0.09375
svhn,ssb-v1,0.2,9,3,338,0.0033870830084197223,1152811008,0.09375
svhn,ssb-v1,0.2,9,3,339,0.0034459160233382136,1152811008,0.0625
svhn,ssb-v1,0.2,9,3,340,0.01031887499266304,1153662976,0.125
svhn,ssb-v1,0.2,9,3,341,0.003441959008341655,1153662976,0.1015625
svhn,ssb-v1,0.2,9,3,342,0.003426290990319103,1153941504,0.1015625
svhn,ssb-v1,0.2,9,3,343,0.003393334016436711,1153941504,0.1015625
svhn,ssb-v1,0.2,9,3,344,0.003266707994043827,1153941504,0.109375
svhn,ssb-v1,0.2,9,3,345,0.0033671249984763563,1154367488,0.09375
svhn,ssb-v1,0.2,9,3,346,0.0035513339971657842,1154383872,0.125
svhn,ssb-v1,0.2,9,3,347,0.0035835000162478536,1154383872,0.1015625
svhn,ssb-v1,0.2,9,3,348,0.0035012500011362135,1154383872,0.09375
svhn,ssb-v1,0.2,9,3,349,0.00335166699369438,1154383872,0.125
svhn,ssb-v1,0.2,9,3,350,0.003140375018119812,1154383872,0.1171875
svhn,ssb-v1,0.2,9,3,351,0.0033001660194713622,1154383872,0.1171875
svhn,ssb-v1,0.2,9,3,352,0.003277249983511865,1154400256,0.1171875
svhn,ssb-v1,0.2,9,3,353,0.0033961249864660203,1154400256,0.171875
svhn,ssb-v1,0.2,9,3,354,0.003293749992735684,1154400256,0.1328125
svhn,ssb-v1,0.2,9,3,355,0.0033992079843301326,1154400256,0.1484375
svhn,ssb-v1,0.2,9,3,356,0.0032342920021619648,1154416640,0.125
svhn,ssb-v1,0.2,9,3,357,0.0034342919825576246,1154416640,0.171875
svhn,ssb-v1,0.2,9,3,358,0.0034111250133719295,1154416640,0.0703125
svhn,ssb-v1,0.2,9,3,359,0.0032966659928206354,1154433024,0.1875
svhn,ssb-v1,0.2,9,3,360,0.0032439170172438025,1154433024,0.078125
svhn,ssb-v1,0.2,9,3,361,0.0033046659955289215,1154433024,0.0390625
svhn,ssb-v1,0.2,9,3,362,0.0033360829984303564,1154433024,0.0625
svhn,ssb-v1,0.2,9,3,363,0.00333579201833345,1154433024,0.1171875
svhn,ssb-v1,0.2,9,3,364,0.0033500829886179417,1154433024,0.125
svhn,ssb-v1,0.2,9,3,365,0.0032727090001571923,1154433024,0.078125
svhn,ssb-v1,0.2,9,3,366,0.0033364170230925083,1154433024,0.078125
svhn,ssb-v1,0.2,9,3,367,0.0033953330130316317,1154433024,0.09375
svhn,ssb-v1,0.2,9,3,368,0.003364792006323114,1154433024,0.09375
svhn,ssb-v1,0.2,9,3,369,0.0033655830193310976,1154433024,0.03125
svhn,ssb-v1,0.2,9,3,370,0.0033496670075692236,1154433024,0.0390625
svhn,ssb-v1,0.2,9,3,371,0.0033327920245938003,1154433024,0.03125
svhn,ssb-v1,0.2,9,3,372,0.0034978329786099494,1154433024,0.109375
svhn,ssb-v1,0.2,9,3,373,0.0034156670153606683,1154433024,0.0625
svhn,ssb-v1,0.2,9,3,374,0.0034193340106867254,1154433024,0.078125
svhn,ssb-v1,0.2,9,3,375,0.003427124989684671,1154433024,0.203125
svhn,ssb-v1,0.2,9,3,376,0.0032281250169035047,1154433024,0.234375
svhn,ssb-v1,0.2,9,3,377,0.0033324590185657144,1154433024,0.15625
svhn,ssb-v1,0.2,9,3,378,0.003347792022395879,1154433024,0.1796875
svhn,ssb-v1,0.2,9,3,379,0.003409750002902001,1154433024,0.1484375
svhn,ssb-v1,0.2,9,3,380,0.0034880829916801304,1154433024,0.1640625
svhn,ssb-v1,0.2,9,3,381,0.0033182080078404397,1154433024,0.203125
svhn,ssb-v1,0.2,9,3,382,0.003251499991165474,1154433024,0.046875
svhn,ssb-v1,0.2,9,3,383,0.003561749996151775,1154433024,0.09375
svhn,ssb-v1,0.2,9,3,384,0.0033970829972531646,1154433024,0.1484375
svhn,ssb-v1,0.2,9,3,385,0.003389374993275851,1154433024,0.1171875
svhn,ssb-v1,0.2,9,3,386,0.0034667500003706664,1154433024,0.078125
svhn,ssb-v1,0.2,9,3,387,0.003334875014843419,1154433024,0.0703125
svhn,ssb-v1,0.2,9,3,388,0.010257165995426476,1155284992,0.15625
svhn,ssb-v1,0.2,9,3,389,0.003504624997731298,1155563520,0.0625
svhn,ssb-v1,0.2,9,3,390,0.0032705000194255263,1155563520,0.0625
svhn,ssb-v1,0.2,9,3,391,0.0033886659948620945,1155989504,0.0859375
svhn,ssb-v1,0.2,9,3,392,0.0033859579998534173,1155989504,0.125
svhn,ssb-v1,0.2,9,3,393,0.0033935419924091548,1155989504,0.09375
svhn,ssb-v1,0.2,9,3,394,0.0032879170030355453,1155989504,0.140625
svhn,ssb-v1,0.2,9,3,395,0.003370499995071441,1155989504,0.0859375
svhn,ssb-v1,0.2,9,3,396,0.003364999982295558,1155989504,0.1796875
svhn,ssb-v1,0.2,9,3,397,0.003203290980309248,1155989504,0.1328125
svhn,ssb-v1,0.2,9,3,398,0.0032067499996628612,1155989504,0.078125
svhn,ssb-v1,0.2,9,3,399,0.003405708004720509,1156005888,0.0703125
svhn,ssb-v1,0.2,9,3,400,0.0033094160025939345,1156005888,0.125
svhn,ssb-v1,0.2,9,3,401,0.0033215830044355243,1156005888,0.171875
svhn,ssb-v1,0.2,9,3,402,0.0032926250132732093,1156022272,0.2265625
svhn,ssb-v1,0.2,9,3,403,0.00338325000484474,1156022272,0.1640625
svhn,ssb-v1,0.2,9,3,404,0.003400957997655496,1156022272,0.1484375
svhn,ssb-v1,0.2,9,3,405,0.0032616670068819076,1156022272,0.25
svhn,ssb-v1,0.2,9,3,406,0.003289957996457815,1156022272,0.1796875
svhn,ssb-v1,0.2,9,3,407,0.003261999983806163,1156022272,0.1640625
svhn,ssb-v1,0.2,9,3,408,0.003278124990174547,1156022272,0.1796875
svhn,ssb-v1,0.2,9,3,409,0.0032468329882249236,1156022272,0.1796875
svhn,ssb-v1,0.2,9,3,410,0.003437083010794595,1156022272,0.1796875
svhn,ssb-v1,0.2,9,3,411,0.0032230000069830567,1156022272,0.171875
svhn,ssb-v1,0.2,9,3,412,0.003155459009576589,1156022272,0.21875
svhn,ssb-v1,0.2,9,3,413,0.003244209015974775,1156038656,0.140625
svhn,ssb-v1,0.2,9,3,414,0.0033471669885329902,1156038656,0.1796875
svhn,ssb-v1,0.2,9,3,415,0.0032942079997155815,1156038656,0.2109375
svhn,ssb-v1,0.2,9,3,416,0.0034513330028858036,1156038656,0.1796875
svhn,ssb-v1,0.2,9,3,417,0.0032540829852223396,1156038656,0.2578125
svhn,ssb-v1,0.2,9,3,418,0.0032488330034539104,1156038656,0.2109375
svhn,ssb-v1,0.2,9,3,419,0.0033320419897791,1156038656,0.0703125
svhn,ssb-v1,0.2,9,3,420,0.0033252080029342324,1156038656,0.1171875
svhn,ssb-v1,0.2,9,3,421,0.0033976659760810435,1156038656,0.078125
svhn,ssb-v1,0.2,9,3,422,0.003353165986482054,1156038656,0.109375
svhn,ssb-v1,0.2,9,3,423,0.003342707990668714,1156038656,0.125
svhn,ssb-v1,0.2,9,3,424,0.0033152499818243086,1156038656,0.125
svhn,ssb-v1,0.2,9,3,425,0.0033047919860109687,1156038656,0.109375
svhn,ssb-v1,0.2,9,3,426,0.0033353329927194864,1156038656,0.140625
svhn,ssb-v1,0.2,9,3,427,0.003329166996991262,1156038656,0.1015625
svhn,ssb-v1,0.2,9,3,428,0.00335595800424926,1156038656,0.09375
svhn,ssb-v1,0.2,9,3,429,0.003320125018944964,1156038656,0.0703125
svhn,ssb-v1,0.2,9,3,430,0.003286916995421052,1156038656,0.0859375
svhn,ssb-v1,0.2,9,3,431,0.0032204169838223606,1156038656,0.1171875
svhn,ssb-v1,0.2,9,3,432,0.0032269580115098506,1156038656,0.0703125
svhn,ssb-v1,0.2,9,3,433,0.0032496250059921294,1156038656,0.046875
svhn,ssb-v1,0.2,9,3,434,0.0033364999981131405,1156038656,0.0703125
svhn,ssb-v1,0.2,9,3,435,0.0033627499942667782,1156038656,0.0703125
svhn,ssb-v1,0.2,9,3,436,0.003278874995885417,1156038656,0.109375
svhn,ssb-v1,0.2,9,3,437,0.003358499991009012,1156038656,0.0546875
svhn,ssb-v1,0.2,9,3,438,0.003286499995738268,1156038656,0.0625
svhn,ssb-v1,0.2,9,3,439,0.0032701670133974403,1156038656,0.0859375
svhn,ssb-v1,0.2,9,3,440,0.003384249983355403,1156038656,0.0703125
svhn,ssb-v1,0.2,9,3,441,0.003367958008311689,1156038656,0.15625
svhn,ssb-v1,0.2,9,3,442,0.003435082995565608,1156038656,0.09375
svhn,ssb-v1,0.2,9,3,443,0.0032680830045137554,1156038656,0.1484375
svhn,ssb-v1,0.2,9,3,444,0.003228000015951693,1156038656,0.1328125
svhn,ssb-v1,0.2,9,3,445,0.003281167009845376,1156038656,0.1171875
svhn,ssb-v1,0.2,9,3,446,0.003238665987737477,1156038656,0.2109375
svhn,ssb-v1,0.2,9,3,447,0.003431375022046268,1156038656,0.140625
svhn,ssb-v1,0.2,9,3,448,0.0032244999893009663,1156038656,0.1796875
svhn,ssb-v1,0.2,9,3,449,0.0032593329960945994,1156038656,0.1015625
svhn,ssb-v1,0.2,9,3,450,0.0035104170092381537,1156038656,0.125
svhn,ssb-v1,0.2,9,3,451,0.0034038750163745135,1156038656,0.0859375
svhn,ssb-v1,0.2,9,3,452,0.0033573750115465373,1156038656,0.125
svhn,ssb-v1,0.2,9,3,453,0.0033364580012857914,1156038656,0.1875
svhn,ssb-v1,0.2,9,3,454,0.003346499986946583,1156038656,0.1484375
svhn,ssb-v1,0.2,9,3,455,0.003248958004405722,1156038656,0.1875
svhn,ssb-v1,0.2,9,3,456,0.010606167023070157,1156956160,0.125
svhn,ssb-v1,0.2,9,3,457,0.0034362500009592623,1157300224,0.109375
svhn,ssb-v1,0.2,9,3,458,0.0033299160131718963,1157677056,0.1171875
svhn,ssb-v1,0.2,9,3,459,0.0033706669928506017,1157677056,0.140625
svhn,ssb-v1,0.2,9,3,460,0.0033307920093648136,1157693440,0.1953125
svhn,ssb-v1,0.2,9,3,461,0.003311250009573996,1157693440,0.1875
svhn,ssb-v1,0.2,9,3,462,0.0033183750056196004,1157693440,0.234375
svhn,ssb-v1,0.2,9,3,463,0.0033284999954048544,1157693440,0.2109375
svhn,ssb-v1,0.2,9,3,464,0.0033193330164067447,1157693440,0.109375
svhn,ssb-v1,0.2,9,3,465,0.0033639589964877814,1157693440,0.0859375
svhn,ssb-v1,0.2,9,3,466,0.003371416009031236,1157693440,0.1015625
svhn,ssb-v1,0.2,9,3,467,0.0033515419927425683,1157693440,0.046875
svhn,ssb-v1,0.2,9,3,468,0.003323166980408132,1157693440,0.078125
svhn,ssb-v1,0.2,9,3,469,0.0033936669933609664,1157709824,0.0703125
svhn,ssb-v1,0.2,9,3,470,0.0035192500217817724,1157709824,0.0703125
svhn,ssb-v1,0.2,9,3,471,0.0033830419997684658,1157709824,0.046875
svhn,ssb-v1,0.2,9,3,472,0.0033814170164987445,1157709824,0.1640625
svhn,ssb-v1,0.2,9,3,473,0.003428041993174702,1157726208,0.1328125
svhn,ssb-v1,0.2,9,3,474,0.003412500023841858,1157726208,0.109375
svhn,ssb-v1,0.2,9,3,475,0.003346667013829574,1157726208,0.03125
svhn,ssb-v1,0.2,9,3,476,0.0034188340068794787,1157726208,0.109375
svhn,ssb-v1,0.2,9,3,477,0.0032780829933471978,1157726208,0.15625
svhn,ssb-v1,0.2,9,3,478,0.003415375016629696,1157726208,0.09375
svhn,ssb-v1,0.2,9,3,479,0.0033996249840129167,1157726208,0.1171875
svhn,ssb-v1,0.2,9,3,480,0.0032371660054195672,1157726208,0.1875
svhn,ssb-v1,0.2,9,3,481,0.003208999987691641,1157726208,0.1796875
svhn,ssb-v1,0.2,9,3,482,0.003380832989932969,1157726208,0.09375
svhn,ssb-v1,0.2,9,3,483,0.003359791007824242,1157726208,0.09375
svhn,ssb-v1,0.2,9,3,484,0.0033244590158574283,1157726208,0.109375
svhn,ssb-v1,0.2,9,3,485,0.003335790999699384,1157726208,0.1484375
svhn,ssb-v1,0.2,9,3,486,0.0032018340134527534,1157742592,0.09375
svhn,ssb-v1,0.2,9,3,487,0.0032767090015113354,1157742592,0.0859375
svhn,ssb-v1,0.2,9,3,488,0.0033605000062379986,1157758976,0.125
svhn,ssb-v1,0.2,9,3,489,0.0033750830043572932,1157758976,0.1953125
svhn,ssb-v1,0.2,9,3,490,0.0033191670081578195,1157758976,0.1484375
svhn,ssb-v1,0.2,9,3,491,0.0033149580121971667,1157758976,0.125
svhn,ssb-v1,0.2,9,3,492,0.0033750830043572932,1157758976,0.140625
svhn,ssb-v1,0.2,9,3,493,0.0032708329963497818,1157758976,0.1953125
svhn,ssb-v1,0.2,9,3,494,0.0033989160147029907,1157758976,0.1328125
svhn,ssb-v1,0.2,9,3,495,0.0031657079816795886,1157758976,0.1484375
svhn,ssb-v1,0.2,9,3,496,0.003368000005139038,1157758976,0.125
svhn,ssb-v1,0.2,9,3,497,0.0032961670076474547,1157758976,0.1640625
svhn,ssb-v1,0.2,9,3,498,0.0033242920180782676,1157758976,0.0625
svhn,ssb-v1,0.2,9,3,499,0.003387874981854111,1157758976,0.125
svhn,ssb-v1,0.2,9,3,500,0.0032715830020606518,1157758976,0.0390625
svhn,ssb-v1,0.2,9,3,501,0.0032586669840384275,1157758976,0.09375
svhn,ssb-v1,0.2,9,3,502,0.0033389999880455434,1157758976,0.09375
svhn,ssb-v1,0.2,9,3,503,0.003526208980474621,1157758976,0.109375
svhn,ssb-v1,0.2,9,3,504,0.0033352920145262033,1157758976,0.109375
svhn,ssb-v1,0.2,9,3,505,0.003355666995048523,1157758976,0.0703125
svhn,ssb-v1,0.2,9,3,506,0.005047084006946534,1157758976,0.109375
svhn,ssb-v1,0.2,9,3,507,0.003250667010433972,1157758976,0.1328125
svhn,ssb-v1,0.2,9,3,508,0.003375958011019975,1157758976,0.109375
svhn,ssb-v1,0.2,9,3,509,0.00335166699369438,1157758976,0.1015625
svhn,ssb-v1,0.2,9,3,510,0.0033793330076150596,1157758976,0.09375
svhn,ssb-v1,0.2,9,3,511,0.003196916979504749,1157758976,0.0625
svhn,ssb-v1,0.2,9,3,512,0.0031956660095602274,1157758976,0.0703125
svhn,ssb-v1,0.2,9,3,513,0.003217749996110797,1157758976,0.1328125
svhn,ssb-v1,0.2,9,3,514,0.0033367080031894147,1157758976,0.1953125
svhn,ssb-v1,0.2,9,3,515,0.0032767079828772694,1157775360,0.2109375
svhn,ssb-v1,0.2,9,3,516,0.0035795000148937106,1157775360,0.0703125
svhn,ssb-v1,0.2,9,3,517,0.0033131669915746897,1157775360,0.1171875
svhn,ssb-v1,0.2,9,3,518,0.003323874989291653,1157775360,0.1875
svhn,ssb-v1,0.2,9,3,519,0.003269083012128249,1157775360,0.171875
svhn,ssb-v1,0.2,9,3,520,0.00323091700556688,1157775360,0.0859375
svhn,ssb-v1,0.2,9,3,521,0.0034092919959221035,1157775360,0.1015625
svhn,ssb-v1,0.2,9,3,522,0.00325858301948756,1157775360,0.09375
svhn,ssb-v1,0.2,9,3,523,0.003328209015307948,1157775360,0.0859375
svhn,ssb-v1,0.2,9,3,524,0.003333000000566244,1157775360,0.046875
svhn,ssb-v1,0.2,9,3,525,0.0033491660142317414,1157775360,0.0546875
svhn,ssb-v1,0.2,9,3,526,0.003369374986505136,1157775360,0.046875
svhn,ssb-v1,0.2,9,3,527,0.003312542015919462,1157775360,0.0859375
svhn,ssb-v1,0.2,9,3,528,0.003269791981438175,1157775360,0.078125
svhn,ssb-v1,0.2,9,3,529,0.0033694159938022494,1157791744,0.0546875
svhn,ssb-v1,0.2,9,3,530,0.00332341599278152,1157791744,0.0546875
svhn,ssb-v1,0.2,9,3,531,0.0033150830131489784,1157791744,0.0234375
svhn,ssb-v1,0.2,9,3,532,0.0033301660150755197,1157791744,0.1953125
svhn,ssb-v1,0.2,9,3,533,0.0032782499911263585,1157791744,0.234375
svhn,ssb-v1,0.2,9,3,534,0.019658250006614253,1159905280,0.1796875
svhn,ssb-v1,0.2,9,3,535,0.003476957994280383,1159905280,0.1484375
svhn,ssb-v1,0.2,9,3,536,0.003397332999156788,1159954432,0.0703125
svhn,ssb-v1,0.2,9,3,537,0.003471958014415577,1159954432,0.109375
svhn,ssb-v1,0.2,9,3,538,0.0032875420001801103,1160134656,0.140625
svhn,ssb-v1,0.2,9,3,539,0.003340750001370907,1160134656,0.1015625
svhn,ssb-v1,0.2,9,3,540,0.003385083982720971,1160134656,0.046875
svhn,ssb-v1,0.2,9,3,541,0.00329854097799398,1160134656,0.078125
svhn,ssb-v1,0.2,9,3,542,0.0031507920066360384,1160134656,0.0546875
svhn,ssb-v1,0.2,9,3,543,0.0031845420016907156,1160134656,0.0625
svhn,ssb-v1,0.2,9,3,544,0.0031800830038264394,1160134656,0.0703125
svhn,ssb-v1,0.2,9,3,545,0.0035491670132614672,1160134656,0.0546875
svhn,ssb-v1,0.2,9,3,546,0.0034614159958437085,1160134656,0.09375
svhn,ssb-v1,0.2,9,3,547,0.003489124996121973,1160134656,0.1015625
svhn,ssb-v1,0.2,9,3,548,0.0032781250192783773,1160134656,0.1328125
svhn,ssb-v1,0.2,9,3,549,0.0032802089990582317,1160134656,0.140625
svhn,ssb-v1,0.2,9,3,550,0.0033673330035526305,1160134656,0.1640625
svhn,ssb-v1,0.2,9,3,551,0.0032529169984627515,1160151040,0.1640625
svhn,ssb-v1,0.2,9,3,552,0.003406833973713219,1160151040,0.1171875
svhn,ssb-v1,0.2,9,3,553,0.003243290993850678,1160151040,0.1015625
svhn,ssb-v1,0.2,9,3,554,0.003368750010849908,1160167424,0.1640625
svhn,ssb-v1,0.2,9,3,555,0.0032114170026034117,1160167424,0.1015625
svhn,ssb-v1,0.2,9,3,556,0.0033187909866683185,1160167424,0.0859375
svhn,ssb-v1,0.2,9,3,557,0.0032915839983616024,1160167424,0.1640625
svhn,ssb-v1,0.2,9,3,558,0.0033378330117557198,1160167424,0.046875
svhn,ssb-v1,0.2,9,3,559,0.003445041016675532,1160167424,0.078125
svhn,ssb-v1,0.2,9,3,560,0.003435249993344769,1160167424,0.078125
svhn,ssb-v1,0.2,9,3,561,0.0032835000019986182,1160167424,0.0625
svhn,ssb-v1,0.2,9,3,562,0.003295250004157424,1160183808,0.0859375
svhn,ssb-v1,0.2,9,3,563,0.0032520829990971833,1160183808,0.171875
svhn,ssb-v1,0.2,9,3,564,0.0031915419967845082,1160183808,0.171875
svhn,ssb-v1,0.2,9,3,565,0.0032508749864064157,1160183808,0.1640625
svhn,ssb-v1,0.2,9,3,566,0.003412624995689839,1160183808,0.0859375
svhn,ssb-v1,0.2,9,3,567,0.003219958976842463,1160200192,0.1015625
svhn,ssb-v1,0.2,9,3,568,0.0033629579993430525,1160200192,0.0703125
svhn,ssb-v1,0.2,9,3,569,0.0032591659983154386,1160200192,0.0625
svhn,ssb-v1,0.2,9,3,570,0.003490374976536259,1160200192,0.109375
svhn,ssb-v1,0.2,9,3,571,0.0033668339892756194,1160200192,0.109375
svhn,ssb-v1,0.2,9,3,572,0.03558045899262652,1164312576,0.14634146341463414
